
-------------------------------------------------------------------------------------------------
Event#  Enabling_Time     Delay    Firing_Time    Firing_Tr   Token_ID     Marking(befor firing)  
-----------------------------------------------------------------------------------------------------
     1     0.000000      0.000000       0.000000   Input                  0     (10)0000000000000000
     2     0.000000      0.000000       0.000000   Input                  0     90100000000000000
     3     0.000000      0.000000       0.000000   And_fork               0     80200000000000000
     4     0.000000      0.000000       0.000000   And_fork               0     80111000000000000
     5     0.000000      0.000000       0.000000   Exclusive_fork         0     80022000000000000
     6     0.000000      0.000000       0.000000   Input                  0     80012100000000000
     7     0.000000      0.000000       0.000000   And_fork               0     70112100000000000
     8     0.000000      0.000000       0.000000   Input                  0     70023100000000000
     9     0.000000      0.000000       0.000000   Input                  0     60123100000000000
    10     0.000000      0.000000       0.000000   Input                  0     50223100000000000
    11     0.000000      0.000000       0.000000   Input                  0     40323100000000000
    12     0.000000      0.000000       0.000000   And_fork               0     30423100000000000
    13     0.000000      0.000000       0.000000   And_fork               0     30334100000000000
    14     0.000000      0.000000       0.000000   And_fork               0     30245100000000000
    15     0.000000      0.000000       0.000000   Input                  0     30156100000000000
    16     0.000000      0.000000       0.000000   Exclusive_fork         0     20256100000000000
    17     0.000000      0.000000       0.000000   And_fork               0     20246200000000000
    18     0.000000      0.000000       0.000000   And_fork               0     20157200000000000
    19     0.000000      0.000000       0.000000   Exclusive_fork         0     20068200000000000
    20     0.000000      0.000000       0.000000   Input                  0     20058300000000000
    21     0.000000      0.000000       0.000000   Input                  0     10158300000000000
    22     0.000000      0.000000       0.000000   Exclusive_fork         0     00258300000000000
    23     0.000000      0.000000       0.000000   Exclusive_fork         0     00248400000000000
    24     0.000000      0.000000       0.000000   Exclusive_fork         0     00238500000000000
    25     0.000000      0.000000       0.000000   Exclusive_fork         0     00228600000000000
    26     0.000000      0.000000       0.000000   Exclusive_fork         0     00218700000000000
    27     0.000000      0.000000       0.000000   And_fork               0     00208800000000000
    28     0.000000      0.000000       0.000000   Exclusive_fork         0     00119800000000000
    29     0.000000      0.000000       0.000000   And_fork               0     00109900000000000
    30     0.000000      0.000000       0.000000   Exclusive_fork         0     0001(10)900000000000
    31     0.000000      5.000000       5.000000   Task1                  0     0000(10)(10)00000000000
    32     5.000000      0.000000       5.000000   Do_The_Task            0     0000(10)901000000100
    33     5.000000      5.000000      10.000000   Task1                  0     00009901000000001
    34    10.000000      0.000000      10.000000   Do_The_Task            0     00009802000000101
    35    10.417925      0.000000      10.417925   Do_The_Task            0     00008802000000002
    36    10.417925      0.000000      10.417925   Decision_join          0     00008802000100001
    37    10.417925      0.000000      10.417925   End                    0     00008802000001001
    38    14.745092      0.000000      14.745092   Do_The_Task            0     01008802000000001
    39    14.745092      0.000000      14.745092   Decision_join          0     01008802000100000
    40    14.745092      0.000000      14.745092   End                    0     01008802000001000
    41    10.000000      5.000000      15.000000   Task1                  0     02008802000000000
    42    15.000000      0.000000      15.000000   Do_The_Task            0     02008703000000100
    43    19.860224      0.000000      19.860224   Do_The_Task            0     02007703000000001
    44    19.860224      0.000000      19.860224   Decision_join          0     02007703000100000
    45    19.860224      0.000000      19.860224   End                    0     02007703000001000
    46    15.000000      5.000000      20.000000   Task1                  0     03007703000000000
    47    20.000000      0.000000      20.000000   Do_The_Task            0     03007604000000100
    48    24.899386      0.000000      24.899386   Do_The_Task            0     03006604000000001
    49    24.899386      0.000000      24.899386   Decision_join          0     03006604000100000
    50    24.899386      0.000000      24.899386   End                    0     03006604000001000
    51    20.000000      5.000000      25.000000   Task1                  0     04006604000000000
    52    25.000000      0.000000      25.000000   Do_The_Task            0     04006505000000100
    53    25.000000      5.000000      30.000000   Task1                  0     04005505000000001
    54    30.000000      0.000000      30.000000   Do_The_Task            0     04005406000000101
    55    30.480050      0.000000      30.480050   Do_The_Task            0     04004406000000002
    56    30.480050      0.000000      30.480050   Decision_join          0     04004406000100001
    57    30.480050      0.000000      30.480050   End                    0     04004406000001001
    58    30.000000      5.000000      35.000000   Task1                  0     05004406000000001
    59    35.000000      0.000000      35.000000   Do_The_Task            0     05004307000000101
    60    35.380268      0.000000      35.380268   Do_The_Task            0     05003307000000002
    61    35.380268      0.000000      35.380268   Decision_join          0     05003307000100001
    62    35.380268      0.000000      35.380268   End                    0     05003307000001001
    63    39.645490      0.000000      39.645490   Do_The_Task            0     06003307000000001
    64    39.645490      0.000000      39.645490   Decision_join          0     06003307000100000
    65    39.645490      0.000000      39.645490   End                    0     06003307000001000
    66    35.000000      5.000000      40.000000   Task1                  0     07003307000000000
    67    40.000000      0.000000      40.000000   Do_The_Task            0     07003208000000100
    68    44.975462      0.000000      44.975462   Do_The_Task            0     07002208000000001
    69    44.975462      0.000000      44.975462   Decision_join          0     07002208000100000
    70    44.975462      0.000000      44.975462   End                    0     07002208000001000
    71    40.000000      5.000000      45.000000   Task1                  0     08002208000000000
    72    45.000000      0.000000      45.000000   Do_The_Task            0     08002109000000100
    73    45.000000      5.000000      50.000000   Task1                  0     08001109000000001
    74    50.000000      0.000000      50.000000   Do_The_Task            0     0800100(10)000000101
    75    50.435244      0.000000      50.435244   Do_The_Task            0     0800000(10)000000002
    76    50.435244      0.000000      50.435244   Decision_join          0     0800000(10)000100001
    77    50.435244      0.000000      50.435244   End                    0     0800000(10)000001001
    78    54.770370      0.000000      54.770370   Do_The_Task            0     0900000(10)000000001
    79    54.770370      0.000000      54.770370   Decision_join          0     0900000(10)000100000
    80    54.770370      0.000000      54.770370   End                    0     0900000(10)000001000
    81    54.770370      0.000000      54.770370    -                     0     0(10)00000(10)000000000

RunTime=   54.770370 time unit    Sim_Time=  0.096905 sec
