
-------------------------------------------------------------------------------------------------
Event#  Enabling_Time     Delay    Firing_Time    Firing_Tr   Token_ID     Marking(befor firing)  
-----------------------------------------------------------------------------------------------------
     1     0.000000      0.000000       0.000000   ImmTr2           0     1010011100110100110011000000000
     2     0.000000      0.000000       0.000000   ImmTr1           0     0010011101110100100011000000000
     3     0.000000      1.000000       1.000000   Etimer22         0     0010011111110100000011000000000
     4     0.000000      1.000000       1.000000   Etimer21         0     0010011111110100000011000000010
     5     1.000000      1.000000       2.000000   Etimer21         0     0010011111110100000011000001010
     6     1.000000      1.000000       2.000000   Etimer22         0     0010011111110100000011000002010
     7     2.000000      1.000000       3.000000   Etimer21         0     0010011111110100000011000002020
     8     2.000000      1.000000       3.000000   Etimer22         0     0010011111110100000011000003020
     9     3.000000      1.000000       4.000000   Etimer22         0     0010011111110100000011000003030
    10     3.000000      1.000000       4.000000   Etimer21         0     0010011111110100000011000003040
    11     4.000000      1.000000       5.000000   Etimer22         0     0010011111110100000011000004040
    12     4.000000      1.000000       5.000000   Etimer21         0     0010011111110100000011000004050
    13     5.000000      1.000000       6.000000   Etimer21         0     0010011111110100000011000005050
    14     5.000000      1.000000       6.000000   Etimer22         0     0010011111110100000011000006050
    15     6.000000      1.000000       7.000000   Etimer22         0     0010011111110100000011000006060
    16     6.000000      1.000000       7.000000   Etimer21         0     0010011111110100000011000006070
    17     7.000000      1.000000       8.000000   Etimer22         0     0010011111110100000011000007070
    18     7.000000      1.000000       8.000000   Etimer21         0     0010011111110100000011000007080
    19     8.000000      1.000000       9.000000   Etimer21         0     0010011111110100000011000008080
    20     8.000000      1.000000       9.000000   Etimer22         0     0010011111110100000011000009080
    21     9.000000      1.000000      10.000000   Etimer22         0     0010011111110100000011000009090
    22     9.000000      1.000000      10.000000   Etimer21         0     00100111111101000000110000090(10)0
    23    10.000000      1.000000      11.000000   Etimer22         0     001001111111010000001100000(10)0(10)0
    24    10.000000      1.000000      11.000000   Etimer21         0     001001111111010000001100000(10)0(11)0
    25    11.000000      1.000000      12.000000   Etimer22         0     001001111111010000001100000(11)0(11)0
    26    11.000000      1.000000      12.000000   Etimer21         0     001001111111010000001100000(11)0(12)0
    27    12.000000      1.000000      13.000000   Etimer21         0     001001111111010000001100000(12)0(12)0
    28    12.000000      1.000000      13.000000   Etimer22         0     001001111111010000001100000(13)0(12)0
    29    13.000000      1.000000      14.000000   Etimer22         0     001001111111010000001100000(13)0(13)0
    30    13.000000      1.000000      14.000000   Etimer21         0     001001111111010000001100000(13)0(14)0
    31    14.000000      1.000000      15.000000   Etimer22         0     001001111111010000001100000(14)0(14)0
    32    14.000000      1.000000      15.000000   Etimer21         0     001001111111010000001100000(14)0(15)0
    33    15.000000      1.000000      16.000000   Etimer22         0     001001111111010000001100000(15)0(15)0
    34    15.000000      1.000000      16.000000   Etimer21         0     001001111111010000001100000(15)0(16)0
    35    16.000000      1.000000      17.000000   Etimer21         0     001001111111010000001100000(16)0(16)0
    36    16.000000      1.000000      17.000000   Etimer22         0     001001111111010000001100000(17)0(16)0
    37     0.000000     17.000000      17.000000   T1               0     001001111111010000001100000(17)0(17)0
    38    17.000000      1.000000      18.000000   Etimer21         0     101001110111010010001100000(17)0(17)0
    39    17.000000      1.000000      18.000000   Etimer22         0     101001110111010010001100000(18)0(17)0
    40    17.000000      1.000000      18.000000   Etimer17         0     101001110111010010001100000(18)0(18)0
    41    18.000000      1.000000      19.000000   Etimer21         0     101001110111010010001101000(18)0(18)0
    42    18.000000      1.000000      19.000000   Etimer17         0     101001110111010010001101000(19)0(18)0
    43    18.000000      1.000000      19.000000   Etimer22         0     101001110111010010001102000(19)0(18)0
    44    19.000000      1.000000      20.000000   Etimer21         0     101001110111010010001102000(19)0(19)0
    45    19.000000      1.000000      20.000000   Etimer22         0     101001110111010010001102000(20)0(19)0
    46    19.000000      1.000000      20.000000   Etimer17         0     101001110111010010001102000(20)0(20)0
    47    20.000000      1.000000      21.000000   Etimer22         0     101001110111010010001103000(20)0(20)0
    48    20.000000      1.000000      21.000000   Etimer17         0     101001110111010010001103000(20)0(21)0
    49    20.000000      1.000000      21.000000   Etimer21         0     101001110111010010001104000(20)0(21)0
    50    21.000000      1.000000      22.000000   Etimer17         0     101001110111010010001104000(21)0(21)0
    51    21.000000      1.000000      22.000000   Etimer21         0     101001110111010010001105000(21)0(21)0
    52    21.000000      1.000000      22.000000   Etimer22         0     101001110111010010001105000(22)0(21)0
    53    22.000000      1.000000      23.000000   Etimer17         0     101001110111010010001105000(22)0(22)0
    54    22.000000      1.000000      23.000000   Etimer21         0     101001110111010010001106000(22)0(22)0
    55    22.000000      1.000000      23.000000   Etimer22         0     101001110111010010001106000(23)0(22)0
    56    23.000000      1.000000      24.000000   Etimer22         0     101001110111010010001106000(23)0(23)0
    57    23.000000      1.000000      24.000000   Etimer17         0     101001110111010010001106000(23)0(24)0
    58    23.000000      1.000000      24.000000   Etimer21         0     101001110111010010001107000(23)0(24)0
    59    24.000000      1.000000      25.000000   Etimer21         0     101001110111010010001107000(24)0(24)0
    60    24.000000      1.000000      25.000000   Etimer17         0     101001110111010010001107000(25)0(24)0
    61    24.000000      1.000000      25.000000   Etimer22         0     101001110111010010001108000(25)0(24)0
    62     0.000000     25.000000      25.000000   T2               0     101001110111010010001108000(25)0(25)0
    63    25.000000      1.000000      26.000000   Etimer17         0     111001110011010011001108000(25)0(25)0
    64    25.000000      1.000000      26.000000   Etimer18         0     111001110011010011001109000(25)0(25)0
    65    25.000000      1.000000      26.000000   Etimer21         0     111001110011010011001109100(25)0(25)0
    66    25.000000      1.000000      26.000000   Etimer22         0     111001110011010011001109100(26)0(25)0
    67    26.000000      1.000000      27.000000   Etimer18         0     111001110011010011001109100(26)0(26)0
    68    26.000000      1.000000      27.000000   Etimer22         0     111001110011010011001109200(26)0(26)0
    69    26.000000      1.000000      27.000000   Etimer21         0     111001110011010011001109200(26)0(27)0
    70    26.000000      1.000000      27.000000   Etimer17         0     111001110011010011001109200(27)0(27)0
    71    27.000000      1.000000      28.000000   Etimer22         0     11100111001101001100110(10)200(27)0(27)0
    72    27.000000      1.000000      28.000000   Etimer18         0     11100111001101001100110(10)200(27)0(28)0
    73    27.000000      1.000000      28.000000   Etimer17         0     11100111001101001100110(10)300(27)0(28)0
    74    27.000000      1.000000      28.000000   Etimer21         0     11100111001101001100110(11)300(27)0(28)0
    75    28.000000      1.000000      29.000000   Etimer22         0     11100111001101001100110(11)300(28)0(28)0
    76    28.000000      1.000000      29.000000   Etimer21         0     11100111001101001100110(11)300(28)0(29)0
    77    28.000000      1.000000      29.000000   Etimer18         0     11100111001101001100110(11)300(29)0(29)0
    78    28.000000      1.000000      29.000000   Etimer17         0     11100111001101001100110(11)400(29)0(29)0
    79    29.000000      1.000000      30.000000   Etimer22         0     11100111001101001100110(12)400(29)0(29)0
    80    29.000000      1.000000      30.000000   Etimer17         0     11100111001101001100110(12)400(29)0(30)0
    81    29.000000      1.000000      30.000000   Etimer21         0     11100111001101001100110(13)400(29)0(30)0
    82    29.000000      1.000000      30.000000   Etimer18         0     11100111001101001100110(13)400(30)0(30)0
    83    30.000000      1.000000      31.000000   Etimer21         0     11100111001101001100110(13)500(30)0(30)0
    84    30.000000      1.000000      31.000000   Etimer22         0     11100111001101001100110(13)500(31)0(30)0
    85    30.000000      1.000000      31.000000   Etimer18         0     11100111001101001100110(13)500(31)0(31)0
    86    30.000000      1.000000      31.000000   Etimer17         0     11100111001101001100110(13)600(31)0(31)0
    87    31.000000      1.000000      32.000000   Etimer21         0     11100111001101001100110(14)600(31)0(31)0
    88    31.000000      1.000000      32.000000   Etimer22         0     11100111001101001100110(14)600(32)0(31)0
    89    31.000000      1.000000      32.000000   Etimer18         0     11100111001101001100110(14)600(32)0(32)0
    90    31.000000      1.000000      32.000000   Etimer17         0     11100111001101001100110(14)700(32)0(32)0
    91    32.000000      1.000000      33.000000   Etimer17         0     11100111001101001100110(15)700(32)0(32)0
    92    32.000000      1.000000      33.000000   Etimer22         0     11100111001101001100110(16)700(32)0(32)0
    93    32.000000      1.000000      33.000000   Etimer18         0     11100111001101001100110(16)700(32)0(33)0
    94    32.000000      1.000000      33.000000   Etimer21         0     11100111001101001100110(16)800(32)0(33)0
    95    33.000000      1.000000      34.000000   Etimer21         0     11100111001101001100110(16)800(33)0(33)0
    96    33.000000      1.000000      34.000000   Etimer22         0     11100111001101001100110(16)800(34)0(33)0
    97    33.000000      1.000000      34.000000   Etimer17         0     11100111001101001100110(16)800(34)0(34)0
    98    33.000000      1.000000      34.000000   Etimer18         0     11100111001101001100110(17)800(34)0(34)0
    99    34.000000      1.000000      35.000000   Etimer21         0     11100111001101001100110(17)900(34)0(34)0
   100    34.000000      1.000000      35.000000   Etimer22         0     11100111001101001100110(17)900(35)0(34)0
   101    34.000000      1.000000      35.000000   Etimer17         0     11100111001101001100110(17)900(35)0(35)0
   102    34.000000      1.000000      35.000000   Etimer18         0     11100111001101001100110(18)900(35)0(35)0
   103    35.000000      1.000000      36.000000   Etimer17         0     11100111001101001100110(18)(10)00(35)0(35)0
   104    35.000000      1.000000      36.000000   Etimer21         0     11100111001101001100110(19)(10)00(35)0(35)0
   105    35.000000      1.000000      36.000000   Etimer22         0     11100111001101001100110(19)(10)00(36)0(35)0
   106    35.000000      1.000000      36.000000   Etimer18         0     11100111001101001100110(19)(10)00(36)0(36)0
   107    36.000000      1.000000      37.000000   Etimer18         0     11100111001101001100110(19)(11)00(36)0(36)0
   108    36.000000      1.000000      37.000000   Etimer22         0     11100111001101001100110(19)(12)00(36)0(36)0
   109    36.000000      1.000000      37.000000   Etimer17         0     11100111001101001100110(19)(12)00(36)0(37)0
   110    36.000000      1.000000      37.000000   Etimer21         0     11100111001101001100110(20)(12)00(36)0(37)0
   111    37.000000      1.000000      38.000000   Etimer21         0     11100111001101001100110(20)(12)00(37)0(37)0
   112    37.000000      1.000000      38.000000   Etimer22         0     11100111001101001100110(20)(12)00(38)0(37)0
   113    37.000000      1.000000      38.000000   Etimer17         0     11100111001101001100110(20)(12)00(38)0(38)0
   114    37.000000      1.000000      38.000000   Etimer18         0     11100111001101001100110(21)(12)00(38)0(38)0
   115    38.000000      1.000000      39.000000   Etimer18         0     11100111001101001100110(21)(13)00(38)0(38)0
   116    38.000000      1.000000      39.000000   Etimer17         0     11100111001101001100110(21)(14)00(38)0(38)0
   117    38.000000      1.000000      39.000000   Etimer22         0     11100111001101001100110(22)(14)00(38)0(38)0
   118    38.000000      1.000000      39.000000   Etimer21         0     11100111001101001100110(22)(14)00(38)0(39)0
   119    39.000000      1.000000      40.000000   Etimer17         0     11100111001101001100110(22)(14)00(39)0(39)0
   120    39.000000      1.000000      40.000000   Etimer22         0     11100111001101001100110(23)(14)00(39)0(39)0
   121    39.000000      1.000000      40.000000   Etimer21         0     11100111001101001100110(23)(14)00(39)0(40)0
   122    39.000000      1.000000      40.000000   Etimer18         0     11100111001101001100110(23)(14)00(40)0(40)0
   123    40.000000      1.000000      41.000000   Etimer17         0     11100111001101001100110(23)(15)00(40)0(40)0
   124    40.000000      1.000000      41.000000   Etimer18         0     11100111001101001100110(24)(15)00(40)0(40)0
   125    40.000000      1.000000      41.000000   Etimer22         0     11100111001101001100110(24)(16)00(40)0(40)0
   126    40.000000      1.000000      41.000000   Etimer21         0     11100111001101001100110(24)(16)00(40)0(41)0
   127    41.000000      1.000000      42.000000   Etimer22         0     11100111001101001100110(24)(16)00(41)0(41)0
   128    41.000000      1.000000      42.000000   Etimer21         0     11100111001101001100110(24)(16)00(41)0(42)0
   129    41.000000      1.000000      42.000000   Etimer17         0     11100111001101001100110(24)(16)00(42)0(42)0
   130    41.000000      1.000000      42.000000   Etimer18         0     11100111001101001100110(25)(16)00(42)0(42)0
   131    42.000000      1.000000      43.000000   Etimer17         0     11100111001101001100110(25)(17)00(42)0(42)0
   132    42.000000      1.000000      43.000000   Etimer18         0     11100111001101001100110(26)(17)00(42)0(42)0
   133    42.000000      1.000000      43.000000   Etimer21         0     11100111001101001100110(26)(18)00(42)0(42)0
   134    42.000000      1.000000      43.000000   Etimer22         0     11100111001101001100110(26)(18)00(43)0(42)0
   135    43.000000      1.000000      44.000000   Etimer18         0     11100111001101001100110(26)(18)00(43)0(43)0
   136    43.000000      1.000000      44.000000   Etimer22         0     11100111001101001100110(26)(19)00(43)0(43)0
   137    43.000000      1.000000      44.000000   Etimer21         0     11100111001101001100110(26)(19)00(43)0(44)0
   138    43.000000      1.000000      44.000000   Etimer17         0     11100111001101001100110(26)(19)00(44)0(44)0
   139    44.000000      1.000000      45.000000   Etimer22         0     11100111001101001100110(27)(19)00(44)0(44)0
   140    44.000000      1.000000      45.000000   Etimer21         0     11100111001101001100110(27)(19)00(44)0(45)0
   141    44.000000      1.000000      45.000000   Etimer17         0     11100111001101001100110(27)(19)00(45)0(45)0
   142    44.000000      1.000000      45.000000   Etimer18         0     11100111001101001100110(28)(19)00(45)0(45)0
   143    45.000000      1.000000      46.000000   Etimer17         0     11100111001101001100110(28)(20)00(45)0(45)0
   144    45.000000      1.000000      46.000000   Etimer22         0     11100111001101001100110(29)(20)00(45)0(45)0
   145    45.000000      1.000000      46.000000   Etimer18         0     11100111001101001100110(29)(20)00(45)0(46)0
   146    45.000000      1.000000      46.000000   Etimer21         0     11100111001101001100110(29)(21)00(45)0(46)0
   147    46.000000      1.000000      47.000000   Etimer17         0     11100111001101001100110(29)(21)00(46)0(46)0
   148    46.000000      1.000000      47.000000   Etimer21         0     11100111001101001100110(30)(21)00(46)0(46)0
   149    46.000000      1.000000      47.000000   Etimer18         0     11100111001101001100110(30)(21)00(47)0(46)0
   150    46.000000      1.000000      47.000000   Etimer22         0     11100111001101001100110(30)(22)00(47)0(46)0
   151    47.000000      1.000000      48.000000   Etimer21         0     11100111001101001100110(30)(22)00(47)0(47)0
   152    47.000000      1.000000      48.000000   Etimer18         0     11100111001101001100110(30)(22)00(48)0(47)0
   153    47.000000      1.000000      48.000000   Etimer17         0     11100111001101001100110(30)(23)00(48)0(47)0
   154    47.000000      1.000000      48.000000   Etimer22         0     11100111001101001100110(31)(23)00(48)0(47)0
   155    48.000000      1.000000      49.000000   Etimer21         0     11100111001101001100110(31)(23)00(48)0(48)0
   156    48.000000      1.000000      49.000000   Etimer22         0     11100111001101001100110(31)(23)00(49)0(48)0
   157    48.000000      1.000000      49.000000   Etimer18         0     11100111001101001100110(31)(23)00(49)0(49)0
   158    48.000000      1.000000      49.000000   Etimer17         0     11100111001101001100110(31)(24)00(49)0(49)0
   159    49.000000      1.000000      50.000000   Etimer18         0     11100111001101001100110(32)(24)00(49)0(49)0
   160    49.000000      1.000000      50.000000   Etimer17         0     11100111001101001100110(32)(25)00(49)0(49)0
   161    49.000000      1.000000      50.000000   Etimer22         0     11100111001101001100110(33)(25)00(49)0(49)0
   162    49.000000      1.000000      50.000000   Etimer21         0     11100111001101001100110(33)(25)00(49)0(50)0
   163    50.000000      1.000000      51.000000   Etimer17         0     11100111001101001100110(33)(25)00(50)0(50)0
   164    50.000000      1.000000      51.000000   Etimer22         0     11100111001101001100110(34)(25)00(50)0(50)0
   165    50.000000      1.000000      51.000000   Etimer21         0     11100111001101001100110(34)(25)00(50)0(51)0
   166    50.000000      1.000000      51.000000   Etimer18         0     11100111001101001100110(34)(25)00(51)0(51)0
   167    51.000000      1.000000      52.000000   Etimer17         0     11100111001101001100110(34)(26)00(51)0(51)0
   168    51.000000      1.000000      52.000000   Etimer21         0     11100111001101001100110(35)(26)00(51)0(51)0
   169    51.000000      1.000000      52.000000   Etimer18         0     11100111001101001100110(35)(26)00(52)0(51)0
   170    51.000000      1.000000      52.000000   Etimer22         0     11100111001101001100110(35)(27)00(52)0(51)0
   171    52.000000      1.000000      53.000000   Etimer18         0     11100111001101001100110(35)(27)00(52)0(52)0
   172    52.000000      1.000000      53.000000   Etimer21         0     11100111001101001100110(35)(28)00(52)0(52)0
   173    52.000000      1.000000      53.000000   Etimer17         0     11100111001101001100110(35)(28)00(53)0(52)0
   174    52.000000      1.000000      53.000000   Etimer22         0     11100111001101001100110(36)(28)00(53)0(52)0
   175    53.000000      1.000000      54.000000   Etimer22         0     11100111001101001100110(36)(28)00(53)0(53)0
   176    53.000000      1.000000      54.000000   Etimer17         0     11100111001101001100110(36)(28)00(53)0(54)0
   177    53.000000      1.000000      54.000000   Etimer18         0     11100111001101001100110(37)(28)00(53)0(54)0
   178    53.000000      1.000000      54.000000   Etimer21         0     11100111001101001100110(37)(29)00(53)0(54)0
   179    54.000000      1.000000      55.000000   Etimer22         0     11100111001101001100110(37)(29)00(54)0(54)0
   180    54.000000      1.000000      55.000000   Etimer18         0     11100111001101001100110(37)(29)00(54)0(55)0
   181    54.000000      1.000000      55.000000   Etimer21         0     11100111001101001100110(37)(30)00(54)0(55)0
   182    54.000000      1.000000      55.000000   Etimer17         0     11100111001101001100110(37)(30)00(55)0(55)0
   183    55.000000      1.000000      56.000000   Etimer22         0     11100111001101001100110(38)(30)00(55)0(55)0
   184    55.000000      1.000000      56.000000   Etimer17         0     11100111001101001100110(38)(30)00(55)0(56)0
   185    55.000000      1.000000      56.000000   Etimer18         0     11100111001101001100110(39)(30)00(55)0(56)0
   186    55.000000      1.000000      56.000000   Etimer21         0     11100111001101001100110(39)(31)00(55)0(56)0
   187    56.000000      1.000000      57.000000   Etimer17         0     11100111001101001100110(39)(31)00(56)0(56)0
   188    56.000000      1.000000      57.000000   Etimer22         0     11100111001101001100110(40)(31)00(56)0(56)0
   189    56.000000      1.000000      57.000000   Etimer21         0     11100111001101001100110(40)(31)00(56)0(57)0
   190    56.000000      1.000000      57.000000   Etimer18         0     11100111001101001100110(40)(31)00(57)0(57)0
   191    57.000000      1.000000      58.000000   Etimer22         0     11100111001101001100110(40)(32)00(57)0(57)0
   192    57.000000      1.000000      58.000000   Etimer17         0     11100111001101001100110(40)(32)00(57)0(58)0
   193    57.000000      1.000000      58.000000   Etimer21         0     11100111001101001100110(41)(32)00(57)0(58)0
   194    57.000000      1.000000      58.000000   Etimer18         0     11100111001101001100110(41)(32)00(58)0(58)0
   195    58.000000      1.000000      59.000000   Etimer22         0     11100111001101001100110(41)(33)00(58)0(58)0
   196    58.000000      1.000000      59.000000   Etimer17         0     11100111001101001100110(41)(33)00(58)0(59)0
   197    58.000000      1.000000      59.000000   Etimer21         0     11100111001101001100110(42)(33)00(58)0(59)0
   198    58.000000      1.000000      59.000000   Etimer18         0     11100111001101001100110(42)(33)00(59)0(59)0
   199    59.000000      1.000000      60.000000   Etimer22         0     11100111001101001100110(42)(34)00(59)0(59)0
   200    59.000000      1.000000      60.000000   Etimer18         0     11100111001101001100110(42)(34)00(59)0(60)0
   201    59.000000      1.000000      60.000000   Etimer17         0     11100111001101001100110(42)(35)00(59)0(60)0
   202    59.000000      1.000000      60.000000   Etimer21         0     11100111001101001100110(43)(35)00(59)0(60)0
   203    60.000000      1.000000      61.000000   Etimer18         0     11100111001101001100110(43)(35)00(60)0(60)0
   204    60.000000      1.000000      61.000000   Etimer17         0     11100111001101001100110(43)(36)00(60)0(60)0
   205    60.000000      1.000000      61.000000   Etimer21         0     11100111001101001100110(44)(36)00(60)0(60)0
   206    60.000000      1.000000      61.000000   Etimer22         0     11100111001101001100110(44)(36)00(61)0(60)0
   207    61.000000      1.000000      62.000000   Etimer17         0     11100111001101001100110(44)(36)00(61)0(61)0
   208    61.000000      1.000000      62.000000   Etimer22         0     11100111001101001100110(45)(36)00(61)0(61)0
   209    61.000000      1.000000      62.000000   Etimer21         0     11100111001101001100110(45)(36)00(61)0(62)0
   210    61.000000      1.000000      62.000000   Etimer18         0     11100111001101001100110(45)(36)00(62)0(62)0
   211     0.000000     62.000000      62.000000   T4               0     11100111001101001100110(45)(37)00(62)0(62)0
   212    62.000000      1.000000      63.000000   Etimer18         0     11110111001001001101110(45)(37)00(62)0(62)0
   213    62.000000      1.000000      63.000000   Etimer17         0     11110111001001001101110(45)(38)00(62)0(62)0
   214    62.000000      1.000000      63.000000   Etimer20         0     11110111001001001101110(46)(38)00(62)0(62)0
   215    62.000000      1.000000      63.000000   Etimer22         0     11110111001001001101110(46)(38)01(62)0(62)0
   216    62.000000      1.000000      63.000000   Etimer21         0     11110111001001001101110(46)(38)01(62)0(63)0
   217    63.000000      1.000000      64.000000   Etimer22         0     11110111001001001101110(46)(38)01(63)0(63)0
   218    63.000000      1.000000      64.000000   Etimer20         0     11110111001001001101110(46)(38)01(63)0(64)0
   219    63.000000      1.000000      64.000000   Etimer17         0     11110111001001001101110(46)(38)02(63)0(64)0
   220    63.000000      1.000000      64.000000   Etimer18         0     11110111001001001101110(47)(38)02(63)0(64)0
   221    63.000000      1.000000      64.000000   Etimer21         0     11110111001001001101110(47)(39)02(63)0(64)0
   222    64.000000      1.000000      65.000000   Etimer20         0     11110111001001001101110(47)(39)02(64)0(64)0
   223    64.000000      1.000000      65.000000   Etimer22         0     11110111001001001101110(47)(39)03(64)0(64)0
   224    64.000000      1.000000      65.000000   Etimer21         0     11110111001001001101110(47)(39)03(64)0(65)0
   225    64.000000      1.000000      65.000000   Etimer17         0     11110111001001001101110(47)(39)03(65)0(65)0
   226    64.000000      1.000000      65.000000   Etimer18         0     11110111001001001101110(48)(39)03(65)0(65)0
   227     0.000000     65.000000      65.000000   T6               0     11110111001001001101110(48)(40)03(65)0(65)0
   228    65.000000      0.000000      65.000000   ImmTr8           0     11111111001000001101110(48)(40)03(65)0(65)0
   229    65.000000      0.000000      65.000000   ImmTr7           0     11110110001000011101110(48)(40)03(65)0(65)0
   230    65.000000      0.000000      65.000000   ImmTr5           0     11110100001000111101100(48)(40)03(65)0(65)0
   231    65.000000      1.000000      66.000000   Etimer18         0     11110000001010111101000(48)(40)03(65)0(65)0
   232    65.000000      1.000000      66.000000   Etimer17         0     11110000001010111101000(48)(41)03(65)0(65)0
   233    65.000000      1.000000      66.000000   Etimer20         0     11110000001010111101000(49)(41)03(65)0(65)0
   234    66.000000      1.000000      67.000000   Etimer18         0     11110000001010111101000(49)(41)04(65)0(65)0
   235    66.000000      1.000000      67.000000   Etimer20         0     11110000001010111101000(49)(42)04(65)0(65)0
   236    66.000000      1.000000      67.000000   Etimer17         0     11110000001010111101000(49)(42)05(65)0(65)0
   237    67.000000      1.000000      68.000000   Etimer18         0     11110000001010111101000(50)(42)05(65)0(65)0
   238    67.000000      1.000000      68.000000   Etimer20         0     11110000001010111101000(50)(43)05(65)0(65)0
   239    67.000000      1.000000      68.000000   Etimer17         0     11110000001010111101000(50)(43)06(65)0(65)0
   240     0.000000     68.000000      68.000000   T3               0     11110000001010111101000(51)(43)06(65)0(65)0
   241    68.000000      1.000000      69.000000   Etimer18         0     11210100000010111111000(51)(43)06(65)0(65)0
   242    68.000000      1.000000      69.000000   Etimer17         0     11210100000010111111000(51)(44)06(65)0(65)0
   243    68.000000      1.000000      69.000000   Etimer19         0     11210100000010111111000(52)(44)06(65)0(65)0
   244    68.000000      1.000000      69.000000   Etimer20         0     11210100000010111111000(52)(44)16(65)0(65)0
   245    69.000000      1.000000      70.000000   Etimer17         0     11210100000010111111000(52)(44)17(65)0(65)0
   246    69.000000      1.000000      70.000000   Etimer18         0     11210100000010111111000(53)(44)17(65)0(65)0
   247    69.000000      1.000000      70.000000   Etimer20         0     11210100000010111111000(53)(45)17(65)0(65)0
   248    69.000000      1.000000      70.000000   Etimer19         0     11210100000010111111000(53)(45)18(65)0(65)0
   249    70.000000      1.000000      71.000000   Etimer17         0     11210100000010111111000(53)(45)28(65)0(65)0
   250    70.000000      1.000000      71.000000   Etimer19         0     11210100000010111111000(54)(45)28(65)0(65)0
   251    70.000000      1.000000      71.000000   Etimer18         0     11210100000010111111000(54)(45)38(65)0(65)0
   252    70.000000      1.000000      71.000000   Etimer20         0     11210100000010111111000(54)(46)38(65)0(65)0
   253    71.000000      1.000000      72.000000   Etimer19         0     11210100000010111111000(54)(46)39(65)0(65)0
   254    71.000000      1.000000      72.000000   Etimer18         0     11210100000010111111000(54)(46)49(65)0(65)0
   255    71.000000      1.000000      72.000000   Etimer17         0     11210100000010111111000(54)(47)49(65)0(65)0
   256    71.000000      1.000000      72.000000   Etimer20         0     11210100000010111111000(55)(47)49(65)0(65)0
   257    72.000000      1.000000      73.000000   Etimer19         0     11210100000010111111000(55)(47)4(10)(65)0(65)0
   258    72.000000      1.000000      73.000000   Etimer18         0     11210100000010111111000(55)(47)5(10)(65)0(65)0
   259    72.000000      1.000000      73.000000   Etimer20         0     11210100000010111111000(55)(48)5(10)(65)0(65)0
   260    72.000000      1.000000      73.000000   Etimer17         0     11210100000010111111000(55)(48)5(11)(65)0(65)0
   261    73.000000      1.000000      74.000000   Etimer18         0     11210100000010111111000(56)(48)5(11)(65)0(65)0
   262    73.000000      1.000000      74.000000   Etimer20         0     11210100000010111111000(56)(49)5(11)(65)0(65)0
   263    73.000000      1.000000      74.000000   Etimer17         0     11210100000010111111000(56)(49)5(12)(65)0(65)0
   264    73.000000      1.000000      74.000000   Etimer19         0     11210100000010111111000(57)(49)5(12)(65)0(65)0
   265    74.000000      1.000000      75.000000   Etimer18         0     11210100000010111111000(57)(49)6(12)(65)0(65)0
   266    74.000000      1.000000      75.000000   Etimer19         0     11210100000010111111000(57)(50)6(12)(65)0(65)0
   267    74.000000      1.000000      75.000000   Etimer17         0     11210100000010111111000(57)(50)7(12)(65)0(65)0
   268    74.000000      1.000000      75.000000   Etimer20         0     11210100000010111111000(58)(50)7(12)(65)0(65)0
   269    75.000000      1.000000      76.000000   Etimer19         0     11210100000010111111000(58)(50)7(13)(65)0(65)0
   270    75.000000      1.000000      76.000000   Etimer20         0     11210100000010111111000(58)(50)8(13)(65)0(65)0
   271    75.000000      1.000000      76.000000   Etimer17         0     11210100000010111111000(58)(50)8(14)(65)0(65)0
   272    75.000000      1.000000      76.000000   Etimer18         0     11210100000010111111000(59)(50)8(14)(65)0(65)0
   273    76.000000      1.000000      77.000000   Etimer18         0     11210100000010111111000(59)(51)8(14)(65)0(65)0
   274    76.000000      1.000000      77.000000   Etimer19         0     11210100000010111111000(59)(52)8(14)(65)0(65)0
   275    76.000000      1.000000      77.000000   Etimer20         0     11210100000010111111000(59)(52)9(14)(65)0(65)0
   276    76.000000      1.000000      77.000000   Etimer17         0     11210100000010111111000(59)(52)9(15)(65)0(65)0
   277    77.000000      1.000000      78.000000   Etimer18         0     11210100000010111111000(60)(52)9(15)(65)0(65)0
   278    77.000000      1.000000      78.000000   Etimer20         0     11210100000010111111000(60)(53)9(15)(65)0(65)0
   279    77.000000      1.000000      78.000000   Etimer19         0     11210100000010111111000(60)(53)9(16)(65)0(65)0
   280    77.000000      1.000000      78.000000   Etimer17         0     11210100000010111111000(60)(53)(10)(16)(65)0(65)0
   281    78.000000      1.000000      79.000000   Etimer17         0     11210100000010111111000(61)(53)(10)(16)(65)0(65)0
   282    78.000000      1.000000      79.000000   Etimer19         0     11210100000010111111000(62)(53)(10)(16)(65)0(65)0
   283    78.000000      1.000000      79.000000   Etimer20         0     11210100000010111111000(62)(53)(11)(16)(65)0(65)0
   284    78.000000      1.000000      79.000000   Etimer18         0     11210100000010111111000(62)(53)(11)(17)(65)0(65)0
   285    79.000000      1.000000      80.000000   Etimer17         0     11210100000010111111000(62)(54)(11)(17)(65)0(65)0
   286    79.000000      1.000000      80.000000   Etimer20         0     11210100000010111111000(63)(54)(11)(17)(65)0(65)0
   287    79.000000      1.000000      80.000000   Etimer18         0     11210100000010111111000(63)(54)(11)(18)(65)0(65)0
   288    79.000000      1.000000      80.000000   Etimer19         0     11210100000010111111000(63)(55)(11)(18)(65)0(65)0
   289    80.000000      1.000000      81.000000   Etimer17         0     11210100000010111111000(63)(55)(12)(18)(65)0(65)0
   290    80.000000      1.000000      81.000000   Etimer20         0     11210100000010111111000(64)(55)(12)(18)(65)0(65)0
   291    80.000000      1.000000      81.000000   Etimer19         0     11210100000010111111000(64)(55)(12)(19)(65)0(65)0
   292    80.000000      1.000000      81.000000   Etimer18         0     11210100000010111111000(64)(55)(13)(19)(65)0(65)0
   293    81.000000      1.000000      82.000000   Etimer19         0     11210100000010111111000(64)(56)(13)(19)(65)0(65)0
   294    81.000000      1.000000      82.000000   Etimer20         0     11210100000010111111000(64)(56)(14)(19)(65)0(65)0
   295    81.000000      1.000000      82.000000   Etimer17         0     11210100000010111111000(64)(56)(14)(20)(65)0(65)0
   296    81.000000      1.000000      82.000000   Etimer18         0     11210100000010111111000(65)(56)(14)(20)(65)0(65)0
   297    82.000000      1.000000      83.000000   Etimer20         0     11210100000010111111000(65)(57)(14)(20)(65)0(65)0
   298    82.000000      1.000000      83.000000   Etimer19         0     11210100000010111111000(65)(57)(14)(21)(65)0(65)0
   299    82.000000      1.000000      83.000000   Etimer18         0     11210100000010111111000(65)(57)(15)(21)(65)0(65)0
   300    82.000000      1.000000      83.000000   Etimer17         0     11210100000010111111000(65)(58)(15)(21)(65)0(65)0
   301    83.000000      1.000000      84.000000   Etimer17         0     11210100000010111111000(66)(58)(15)(21)(65)0(65)0
   302    83.000000      1.000000      84.000000   Etimer19         0     11210100000010111111000(67)(58)(15)(21)(65)0(65)0
   303    83.000000      1.000000      84.000000   Etimer18         0     11210100000010111111000(67)(58)(16)(21)(65)0(65)0
   304    83.000000      1.000000      84.000000   Etimer20         0     11210100000010111111000(67)(59)(16)(21)(65)0(65)0
   305    84.000000      1.000000      85.000000   Etimer20         0     11210100000010111111000(67)(59)(16)(22)(65)0(65)0
   306    84.000000      1.000000      85.000000   Etimer19         0     11210100000010111111000(67)(59)(16)(23)(65)0(65)0
   307    84.000000      1.000000      85.000000   Etimer17         0     11210100000010111111000(67)(59)(17)(23)(65)0(65)0
   308    84.000000      1.000000      85.000000   Etimer18         0     11210100000010111111000(68)(59)(17)(23)(65)0(65)0
   309    85.000000      1.000000      86.000000   Etimer19         0     11210100000010111111000(68)(60)(17)(23)(65)0(65)0
   310    85.000000      1.000000      86.000000   Etimer20         0     11210100000010111111000(68)(60)(18)(23)(65)0(65)0
   311    85.000000      1.000000      86.000000   Etimer18         0     11210100000010111111000(68)(60)(18)(24)(65)0(65)0
   312    85.000000      1.000000      86.000000   Etimer17         0     11210100000010111111000(68)(61)(18)(24)(65)0(65)0
   313    86.000000      1.000000      87.000000   Etimer20         0     11210100000010111111000(69)(61)(18)(24)(65)0(65)0
   314    86.000000      1.000000      87.000000   Etimer18         0     11210100000010111111000(69)(61)(18)(25)(65)0(65)0
   315    86.000000      1.000000      87.000000   Etimer19         0     11210100000010111111000(69)(62)(18)(25)(65)0(65)0
   316    86.000000      1.000000      87.000000   Etimer17         0     11210100000010111111000(69)(62)(19)(25)(65)0(65)0
   317    87.000000      1.000000      88.000000   Etimer18         0     11210100000010111111000(70)(62)(19)(25)(65)0(65)0
   318    87.000000      1.000000      88.000000   Etimer19         0     11210100000010111111000(70)(63)(19)(25)(65)0(65)0
   319    87.000000      1.000000      88.000000   Etimer20         0     11210100000010111111000(70)(63)(20)(25)(65)0(65)0
   320    87.000000      1.000000      88.000000   Etimer17         0     11210100000010111111000(70)(63)(20)(26)(65)0(65)0
   321    88.000000      1.000000      89.000000   Etimer18         0     11210100000010111111000(71)(63)(20)(26)(65)0(65)0
   322    88.000000      1.000000      89.000000   Etimer20         0     11210100000010111111000(71)(64)(20)(26)(65)0(65)0
   323    88.000000      1.000000      89.000000   Etimer17         0     11210100000010111111000(71)(64)(20)(27)(65)0(65)0
   324    88.000000      1.000000      89.000000   Etimer19         0     11210100000010111111000(72)(64)(20)(27)(65)0(65)0
   325    89.000000      1.000000      90.000000   Etimer18         0     11210100000010111111000(72)(64)(21)(27)(65)0(65)0
   326    89.000000      1.000000      90.000000   Etimer20         0     11210100000010111111000(72)(65)(21)(27)(65)0(65)0
   327    89.000000      1.000000      90.000000   Etimer17         0     11210100000010111111000(72)(65)(21)(28)(65)0(65)0
   328    89.000000      1.000000      90.000000   Etimer19         0     11210100000010111111000(73)(65)(21)(28)(65)0(65)0
   329    90.000000      1.000000      91.000000   Etimer19         0     11210100000010111111000(73)(65)(22)(28)(65)0(65)0
   330    90.000000      1.000000      91.000000   Etimer18         0     11210100000010111111000(73)(65)(23)(28)(65)0(65)0
   331    90.000000      1.000000      91.000000   Etimer17         0     11210100000010111111000(73)(66)(23)(28)(65)0(65)0
   332    90.000000      1.000000      91.000000   Etimer20         0     11210100000010111111000(74)(66)(23)(28)(65)0(65)0
   333    91.000000      1.000000      92.000000   Etimer17         0     11210100000010111111000(74)(66)(23)(29)(65)0(65)0
   334    91.000000      1.000000      92.000000   Etimer20         0     11210100000010111111000(75)(66)(23)(29)(65)0(65)0
   335    91.000000      1.000000      92.000000   Etimer19         0     11210100000010111111000(75)(66)(23)(30)(65)0(65)0
   336    91.000000      1.000000      92.000000   Etimer18         0     11210100000010111111000(75)(66)(24)(30)(65)0(65)0
   337    92.000000      1.000000      93.000000   Etimer17         0     11210100000010111111000(75)(67)(24)(30)(65)0(65)0
   338    92.000000      1.000000      93.000000   Etimer19         0     11210100000010111111000(76)(67)(24)(30)(65)0(65)0
   339    92.000000      1.000000      93.000000   Etimer20         0     11210100000010111111000(76)(67)(25)(30)(65)0(65)0
   340    92.000000      1.000000      93.000000   Etimer18         0     11210100000010111111000(76)(67)(25)(31)(65)0(65)0
   341    93.000000      1.000000      94.000000   Etimer18         0     11210100000010111111000(76)(68)(25)(31)(65)0(65)0
   342    93.000000      1.000000      94.000000   Etimer19         0     11210100000010111111000(76)(69)(25)(31)(65)0(65)0
   343    93.000000      1.000000      94.000000   Etimer20         0     11210100000010111111000(76)(69)(26)(31)(65)0(65)0
   344    93.000000      1.000000      94.000000   Etimer17         0     11210100000010111111000(76)(69)(26)(32)(65)0(65)0
   345    94.000000      1.000000      95.000000   Etimer18         0     11210100000010111111000(77)(69)(26)(32)(65)0(65)0
   346    94.000000      1.000000      95.000000   Etimer19         0     11210100000010111111000(77)(70)(26)(32)(65)0(65)0
   347    94.000000      1.000000      95.000000   Etimer20         0     11210100000010111111000(77)(70)(27)(32)(65)0(65)0
   348    94.000000      1.000000      95.000000   Etimer17         0     11210100000010111111000(77)(70)(27)(33)(65)0(65)0
   349    95.000000      1.000000      96.000000   Etimer19         0     11210100000010111111000(78)(70)(27)(33)(65)0(65)0
   350    95.000000      1.000000      96.000000   Etimer17         0     11210100000010111111000(78)(70)(28)(33)(65)0(65)0
   351    95.000000      1.000000      96.000000   Etimer18         0     11210100000010111111000(79)(70)(28)(33)(65)0(65)0
   352    95.000000      1.000000      96.000000   Etimer20         0     11210100000010111111000(79)(71)(28)(33)(65)0(65)0
   353    96.000000      1.000000      97.000000   Etimer17         0     11210100000010111111000(79)(71)(28)(34)(65)0(65)0
   354    96.000000      1.000000      97.000000   Etimer18         0     11210100000010111111000(80)(71)(28)(34)(65)0(65)0
   355    96.000000      1.000000      97.000000   Etimer19         0     11210100000010111111000(80)(72)(28)(34)(65)0(65)0
   356    96.000000      1.000000      97.000000   Etimer20         0     11210100000010111111000(80)(72)(29)(34)(65)0(65)0
   357    97.000000      1.000000      98.000000   Etimer17         0     11210100000010111111000(80)(72)(29)(35)(65)0(65)0
   358    97.000000      1.000000      98.000000   Etimer19         0     11210100000010111111000(81)(72)(29)(35)(65)0(65)0
   359    97.000000      1.000000      98.000000   Etimer20         0     11210100000010111111000(81)(72)(30)(35)(65)0(65)0
   360    97.000000      1.000000      98.000000   Etimer18         0     11210100000010111111000(81)(72)(30)(36)(65)0(65)0
   361    98.000000      1.000000      99.000000   Etimer17         0     11210100000010111111000(81)(73)(30)(36)(65)0(65)0
   362    98.000000      1.000000      99.000000   Etimer20         0     11210100000010111111000(82)(73)(30)(36)(65)0(65)0
   363    98.000000      1.000000      99.000000   Etimer18         0     11210100000010111111000(82)(73)(30)(37)(65)0(65)0
   364    98.000000      1.000000      99.000000   Etimer19         0     11210100000010111111000(82)(74)(30)(37)(65)0(65)0
   365    99.000000      1.000000     100.000000   Etimer17         0     11210100000010111111000(82)(74)(31)(37)(65)0(65)0
   366    99.000000      1.000000     100.000000   Etimer18         0     11210100000010111111000(83)(74)(31)(37)(65)0(65)0
   367    99.000000      1.000000     100.000000   Etimer20         0     11210100000010111111000(83)(75)(31)(37)(65)0(65)0
   368    99.000000      1.000000     100.000000   Etimer19         0     11210100000010111111000(83)(75)(31)(38)(65)0(65)0
   369   100.000000      1.000000     101.000000   Etimer18         0     11210100000010111111000(83)(75)(32)(38)(65)0(65)0
   370   100.000000      1.000000     101.000000   Etimer19         0     11210100000010111111000(83)(76)(32)(38)(65)0(65)0
   371   100.000000      1.000000     101.000000   Etimer20         0     11210100000010111111000(83)(76)(33)(38)(65)0(65)0
   372   100.000000      1.000000     101.000000   Etimer17         0     11210100000010111111000(83)(76)(33)(39)(65)0(65)0
   373   101.000000      1.000000     102.000000   Etimer19         0     11210100000010111111000(84)(76)(33)(39)(65)0(65)0
   374   101.000000      1.000000     102.000000   Etimer17         0     11210100000010111111000(84)(76)(34)(39)(65)0(65)0
   375   101.000000      1.000000     102.000000   Etimer18         0     11210100000010111111000(85)(76)(34)(39)(65)0(65)0
   376   101.000000      1.000000     102.000000   Etimer20         0     11210100000010111111000(85)(77)(34)(39)(65)0(65)0
   377   102.000000      1.000000     103.000000   Etimer19         0     11210100000010111111000(85)(77)(34)(40)(65)0(65)0
   378   102.000000      1.000000     103.000000   Etimer17         0     11210100000010111111000(85)(77)(35)(40)(65)0(65)0
   379   102.000000      1.000000     103.000000   Etimer20         0     11210100000010111111000(86)(77)(35)(40)(65)0(65)0
   380   102.000000      1.000000     103.000000   Etimer18         0     11210100000010111111000(86)(77)(35)(41)(65)0(65)0
   381   103.000000      1.000000     104.000000   Etimer19         0     11210100000010111111000(86)(78)(35)(41)(65)0(65)0
   382   103.000000      1.000000     104.000000   Etimer20         0     11210100000010111111000(86)(78)(36)(41)(65)0(65)0
   383   103.000000      1.000000     104.000000   Etimer18         0     11210100000010111111000(86)(78)(36)(42)(65)0(65)0
   384   103.000000      1.000000     104.000000   Etimer17         0     11210100000010111111000(86)(79)(36)(42)(65)0(65)0
   385   104.000000      1.000000     105.000000   Etimer20         0     11210100000010111111000(87)(79)(36)(42)(65)0(65)0
   386   104.000000      1.000000     105.000000   Etimer18         0     11210100000010111111000(87)(79)(36)(43)(65)0(65)0
   387   104.000000      1.000000     105.000000   Etimer17         0     11210100000010111111000(87)(80)(36)(43)(65)0(65)0
   388   104.000000      1.000000     105.000000   Etimer19         0     11210100000010111111000(88)(80)(36)(43)(65)0(65)0
   389   105.000000      1.000000     106.000000   Etimer17         0     11210100000010111111000(88)(80)(37)(43)(65)0(65)0
   390   105.000000      1.000000     106.000000   Etimer19         0     11210100000010111111000(89)(80)(37)(43)(65)0(65)0
   391   105.000000      1.000000     106.000000   Etimer18         0     11210100000010111111000(89)(80)(38)(43)(65)0(65)0
   392   105.000000      1.000000     106.000000   Etimer20         0     11210100000010111111000(89)(81)(38)(43)(65)0(65)0
   393   106.000000      1.000000     107.000000   Etimer20         0     11210100000010111111000(89)(81)(38)(44)(65)0(65)0
   394   106.000000      1.000000     107.000000   Etimer17         0     11210100000010111111000(89)(81)(38)(45)(65)0(65)0
   395   106.000000      1.000000     107.000000   Etimer18         0     11210100000010111111000(90)(81)(38)(45)(65)0(65)0
   396   106.000000      1.000000     107.000000   Etimer19         0     11210100000010111111000(90)(82)(38)(45)(65)0(65)0
   397   107.000000      1.000000     108.000000   Etimer19         0     11210100000010111111000(90)(82)(39)(45)(65)0(65)0
   398   107.000000      1.000000     108.000000   Etimer20         0     11210100000010111111000(90)(82)(40)(45)(65)0(65)0
   399   107.000000      1.000000     108.000000   Etimer18         0     11210100000010111111000(90)(82)(40)(46)(65)0(65)0
   400   107.000000      1.000000     108.000000   Etimer17         0     11210100000010111111000(90)(83)(40)(46)(65)0(65)0
   401   108.000000      1.000000     109.000000   Etimer17         0     11210100000010111111000(91)(83)(40)(46)(65)0(65)0
   402   108.000000      1.000000     109.000000   Etimer19         0     11210100000010111111000(92)(83)(40)(46)(65)0(65)0
   403   108.000000      1.000000     109.000000   Etimer18         0     11210100000010111111000(92)(83)(41)(46)(65)0(65)0
   404   108.000000      1.000000     109.000000   Etimer20         0     11210100000010111111000(92)(84)(41)(46)(65)0(65)0
   405    65.000000     44.000000     109.000000   T7               0     11210100000010111111000(92)(84)(41)(47)(65)0(65)0
   406   109.000000      1.000000     110.000000   Etimer22         0     11210101000010011111010(92)(84)(41)(47)(65)0(65)0
   407   109.000000      1.000000     110.000000   Etimer20         0     11210101000010011111010(92)(84)(41)(47)(65)0(66)0
   408   109.000000      1.000000     110.000000   Etimer19         0     11210101000010011111010(92)(84)(41)(48)(65)0(66)0
   409   109.000000      1.000000     110.000000   Etimer17         0     11210101000010011111010(92)(84)(42)(48)(65)0(66)0
   410   109.000000      1.000000     110.000000   Etimer18         0     11210101000010011111010(93)(84)(42)(48)(65)0(66)0
   411   110.000000      1.000000     111.000000   Etimer17         0     11210101000010011111010(93)(85)(42)(48)(65)0(66)0
   412   110.000000      1.000000     111.000000   Etimer22         0     11210101000010011111010(94)(85)(42)(48)(65)0(66)0
   413   110.000000      1.000000     111.000000   Etimer18         0     11210101000010011111010(94)(85)(42)(48)(65)0(67)0
   414   110.000000      1.000000     111.000000   Etimer20         0     11210101000010011111010(94)(86)(42)(48)(65)0(67)0
   415   110.000000      1.000000     111.000000   Etimer19         0     11210101000010011111010(94)(86)(42)(49)(65)0(67)0
   416   111.000000      1.000000     112.000000   Etimer18         0     11210101000010011111010(94)(86)(43)(49)(65)0(67)0
   417   111.000000      1.000000     112.000000   Etimer22         0     11210101000010011111010(94)(87)(43)(49)(65)0(67)0
   418   111.000000      1.000000     112.000000   Etimer17         0     11210101000010011111010(94)(87)(43)(49)(65)0(68)0
   419   111.000000      1.000000     112.000000   Etimer19         0     11210101000010011111010(95)(87)(43)(49)(65)0(68)0
   420   111.000000      1.000000     112.000000   Etimer20         0     11210101000010011111010(95)(87)(44)(49)(65)0(68)0
   421    65.000000     47.000000     112.000000   T5               0     11210101000010011111010(95)(87)(44)(50)(65)0(68)0
   422   112.000000      1.000000     113.000000   Etimer17         0     11210111000000011111110(95)(87)(44)(50)(65)0(68)0
   423   112.000000      1.000000     113.000000   Etimer19         0     11210111000000011111110(96)(87)(44)(50)(65)0(68)0
   424   112.000000      1.000000     113.000000   Etimer20         0     11210111000000011111110(96)(87)(45)(50)(65)0(68)0
   425   112.000000      1.000000     113.000000   Etimer22         0     11210111000000011111110(96)(87)(45)(51)(65)0(68)0
   426   112.000000      1.000000     113.000000   Etimer21         0     11210111000000011111110(96)(87)(45)(51)(65)0(69)0
   427   112.000000      1.000000     113.000000   Etimer18         0     11210111000000011111110(96)(87)(45)(51)(66)0(69)0
   428   113.000000      1.000000     114.000000   Etimer22         0     11210111000000011111110(96)(88)(45)(51)(66)0(69)0
   429   113.000000      1.000000     114.000000   Etimer20         0     11210111000000011111110(96)(88)(45)(51)(66)0(70)0
   430   113.000000      1.000000     114.000000   Etimer18         0     11210111000000011111110(96)(88)(45)(52)(66)0(70)0
   431   113.000000      1.000000     114.000000   Etimer17         0     11210111000000011111110(96)(89)(45)(52)(66)0(70)0
   432   113.000000      1.000000     114.000000   Etimer19         0     11210111000000011111110(97)(89)(45)(52)(66)0(70)0
   433   113.000000      1.000000     114.000000   Etimer21         0     11210111000000011111110(97)(89)(46)(52)(66)0(70)0
   434   114.000000      1.000000     115.000000   Etimer20         0     11210111000000011111110(97)(89)(46)(52)(67)0(70)0
   435   114.000000      1.000000     115.000000   Etimer18         0     11210111000000011111110(97)(89)(46)(53)(67)0(70)0
   436   114.000000      1.000000     115.000000   Etimer19         0     11210111000000011111110(97)(90)(46)(53)(67)0(70)0
   437   114.000000      1.000000     115.000000   Etimer21         0     11210111000000011111110(97)(90)(47)(53)(67)0(70)0
   438   114.000000      1.000000     115.000000   Etimer22         0     11210111000000011111110(97)(90)(47)(53)(68)0(70)0
   439   114.000000      1.000000     115.000000   Etimer17         0     11210111000000011111110(97)(90)(47)(53)(68)0(71)0
   440   115.000000      1.000000     116.000000   Etimer22         0     11210111000000011111110(98)(90)(47)(53)(68)0(71)0
   441   115.000000      1.000000     116.000000   Etimer20         0     11210111000000011111110(98)(90)(47)(53)(68)0(72)0
   442   115.000000      1.000000     116.000000   Etimer17         0     11210111000000011111110(98)(90)(47)(54)(68)0(72)0
   443   115.000000      1.000000     116.000000   Etimer19         0     11210111000000011111110(99)(90)(47)(54)(68)0(72)0
   444   115.000000      1.000000     116.000000   Etimer18         0     11210111000000011111110(99)(90)(48)(54)(68)0(72)0
   445   115.000000      1.000000     116.000000   Etimer21         0     11210111000000011111110(99)(91)(48)(54)(68)0(72)0
   446   116.000000      1.000000     117.000000   Etimer20         0     11210111000000011111110(99)(91)(48)(54)(69)0(72)0
   447   116.000000      1.000000     117.000000   Etimer21         0     11210111000000011111110(99)(91)(48)(55)(69)0(72)0
   448   116.000000      1.000000     117.000000   Etimer18         0     11210111000000011111110(99)(91)(48)(55)(70)0(72)0
   449   116.000000      1.000000     117.000000   Etimer17         0     11210111000000011111110(99)(92)(48)(55)(70)0(72)0
   450   116.000000      1.000000     117.000000   Etimer19         0     11210111000000011111110(100)(92)(48)(55)(70)0(72)0
   451   116.000000      1.000000     117.000000   Etimer22         0     11210111000000011111110(100)(92)(49)(55)(70)0(72)0
   452   117.000000      1.000000     118.000000   Etimer20         0     11210111000000011111110(100)(92)(49)(55)(70)0(73)0
   453   117.000000      1.000000     118.000000   Etimer19         0     11210111000000011111110(100)(92)(49)(56)(70)0(73)0
   454   117.000000      1.000000     118.000000   Etimer21         0     11210111000000011111110(100)(92)(50)(56)(70)0(73)0
   455   117.000000      1.000000     118.000000   Etimer17         0     11210111000000011111110(100)(92)(50)(56)(71)0(73)0
   456   117.000000      1.000000     118.000000   Etimer22         0     11210111000000011111110(101)(92)(50)(56)(71)0(73)0
   457   117.000000      1.000000     118.000000   Etimer18         0     11210111000000011111110(101)(92)(50)(56)(71)0(74)0
   458   118.000000      1.000000     119.000000   Etimer20         0     11210111000000011111110(101)(93)(50)(56)(71)0(74)0
   459   118.000000      1.000000     119.000000   Etimer22         0     11210111000000011111110(101)(93)(50)(57)(71)0(74)0
   460   118.000000      1.000000     119.000000   Etimer19         0     11210111000000011111110(101)(93)(50)(57)(71)0(75)0
   461   118.000000      1.000000     119.000000   Etimer18         0     11210111000000011111110(101)(93)(51)(57)(71)0(75)0
   462   118.000000      1.000000     119.000000   Etimer17         0     11210111000000011111110(101)(94)(51)(57)(71)0(75)0
   463   118.000000      1.000000     119.000000   Etimer21         0     11210111000000011111110(102)(94)(51)(57)(71)0(75)0
   464   119.000000      1.000000     120.000000   Etimer22         0     11210111000000011111110(102)(94)(51)(57)(72)0(75)0
   465   119.000000      1.000000     120.000000   Etimer17         0     11210111000000011111110(102)(94)(51)(57)(72)0(76)0
   466   119.000000      1.000000     120.000000   Etimer20         0     11210111000000011111110(103)(94)(51)(57)(72)0(76)0
   467   119.000000      1.000000     120.000000   Etimer18         0     11210111000000011111110(103)(94)(51)(58)(72)0(76)0
   468   119.000000      1.000000     120.000000   Etimer21         0     11210111000000011111110(103)(95)(51)(58)(72)0(76)0
   469   119.000000      1.000000     120.000000   Etimer19         0     11210111000000011111110(103)(95)(51)(58)(73)0(76)0
   470   120.000000      1.000000     121.000000   Etimer17         0     11210111000000011111110(103)(95)(52)(58)(73)0(76)0
   471   120.000000      1.000000     121.000000   Etimer18         0     11210111000000011111110(104)(95)(52)(58)(73)0(76)0
   472   120.000000      1.000000     121.000000   Etimer19         0     11210111000000011111110(104)(96)(52)(58)(73)0(76)0
   473   120.000000      1.000000     121.000000   Etimer22         0     11210111000000011111110(104)(96)(53)(58)(73)0(76)0
   474   120.000000      1.000000     121.000000   Etimer20         0     11210111000000011111110(104)(96)(53)(58)(73)0(77)0
   475   120.000000      1.000000     121.000000   Etimer21         0     11210111000000011111110(104)(96)(53)(59)(73)0(77)0
   476   121.000000      1.000000     122.000000   Etimer17         0     11210111000000011111110(104)(96)(53)(59)(74)0(77)0
   477   121.000000      1.000000     122.000000   Etimer21         0     11210111000000011111110(105)(96)(53)(59)(74)0(77)0
   478   121.000000      1.000000     122.000000   Etimer20         0     11210111000000011111110(105)(96)(53)(59)(75)0(77)0
   479   121.000000      1.000000     122.000000   Etimer19         0     11210111000000011111110(105)(96)(53)(60)(75)0(77)0
   480   121.000000      1.000000     122.000000   Etimer18         0     11210111000000011111110(105)(96)(54)(60)(75)0(77)0
   481   121.000000      1.000000     122.000000   Etimer22         0     11210111000000011111110(105)(97)(54)(60)(75)0(77)0
   482   122.000000      1.000000     123.000000   Etimer21         0     11210111000000011111110(105)(97)(54)(60)(75)0(78)0
   483   122.000000      1.000000     123.000000   Etimer19         0     11210111000000011111110(105)(97)(54)(60)(76)0(78)0
   484   122.000000      1.000000     123.000000   Etimer22         0     11210111000000011111110(105)(97)(55)(60)(76)0(78)0
   485   122.000000      1.000000     123.000000   Etimer20         0     11210111000000011111110(105)(97)(55)(60)(76)0(79)0
   486   122.000000      1.000000     123.000000   Etimer17         0     11210111000000011111110(105)(97)(55)(61)(76)0(79)0
   487   122.000000      1.000000     123.000000   Etimer18         0     11210111000000011111110(106)(97)(55)(61)(76)0(79)0
   488   123.000000      1.000000     124.000000   Etimer19         0     11210111000000011111110(106)(98)(55)(61)(76)0(79)0
   489   123.000000      1.000000     124.000000   Etimer17         0     11210111000000011111110(106)(98)(56)(61)(76)0(79)0
   490   123.000000      1.000000     124.000000   Etimer18         0     11210111000000011111110(107)(98)(56)(61)(76)0(79)0
   491   123.000000      1.000000     124.000000   Etimer21         0     11210111000000011111110(107)(99)(56)(61)(76)0(79)0
   492   123.000000      1.000000     124.000000   Etimer22         0     11210111000000011111110(107)(99)(56)(61)(77)0(79)0
   493   123.000000      1.000000     124.000000   Etimer20         0     11210111000000011111110(107)(99)(56)(61)(77)0(80)0
   494   124.000000      1.000000     125.000000   Etimer18         0     11210111000000011111110(107)(99)(56)(62)(77)0(80)0
   495   124.000000      1.000000     125.000000   Etimer21         0     11210111000000011111110(107)(100)(56)(62)(77)0(80)0
   496   124.000000      1.000000     125.000000   Etimer17         0     11210111000000011111110(107)(100)(56)(62)(78)0(80)0
   497   124.000000      1.000000     125.000000   Etimer22         0     11210111000000011111110(108)(100)(56)(62)(78)0(80)0
   498   124.000000      1.000000     125.000000   Etimer20         0     11210111000000011111110(108)(100)(56)(62)(78)0(81)0
   499   124.000000      1.000000     125.000000   Etimer19         0     11210111000000011111110(108)(100)(56)(63)(78)0(81)0
   500   125.000000      1.000000     126.000000   Etimer22         0     11210111000000011111110(108)(100)(57)(63)(78)0(81)0
   501   125.000000      1.000000     126.000000   Etimer19         0     11210111000000011111110(108)(100)(57)(63)(78)0(82)0
   502   125.000000      1.000000     126.000000   Etimer21         0     11210111000000011111110(108)(100)(58)(63)(78)0(82)0
   503   125.000000      1.000000     126.000000   Etimer20         0     11210111000000011111110(108)(100)(58)(63)(79)0(82)0
   504   125.000000      1.000000     126.000000   Etimer17         0     11210111000000011111110(108)(100)(58)(64)(79)0(82)0
   505   125.000000      1.000000     126.000000   Etimer18         0     11210111000000011111110(109)(100)(58)(64)(79)0(82)0
   506   126.000000      1.000000     127.000000   Etimer17         0     11210111000000011111110(109)(101)(58)(64)(79)0(82)0
   507   126.000000      1.000000     127.000000   Etimer20         0     11210111000000011111110(110)(101)(58)(64)(79)0(82)0
   508   126.000000      1.000000     127.000000   Etimer21         0     11210111000000011111110(110)(101)(58)(65)(79)0(82)0
   509   126.000000      1.000000     127.000000   Etimer22         0     11210111000000011111110(110)(101)(58)(65)(80)0(82)0
   510   126.000000      1.000000     127.000000   Etimer18         0     11210111000000011111110(110)(101)(58)(65)(80)0(83)0
   511   126.000000      1.000000     127.000000   Etimer19         0     11210111000000011111110(110)(102)(58)(65)(80)0(83)0
   512   127.000000      1.000000     128.000000   Etimer17         0     11210111000000011111110(110)(102)(59)(65)(80)0(83)0
   513   127.000000      1.000000     128.000000   Etimer20         0     11210111000000011111110(111)(102)(59)(65)(80)0(83)0
   514   127.000000      1.000000     128.000000   Etimer22         0     11210111000000011111110(111)(102)(59)(66)(80)0(83)0
   515   127.000000      1.000000     128.000000   Etimer18         0     11210111000000011111110(111)(102)(59)(66)(80)0(84)0
   516   127.000000      1.000000     128.000000   Etimer19         0     11210111000000011111110(111)(103)(59)(66)(80)0(84)0
   517   127.000000      1.000000     128.000000   Etimer21         0     11210111000000011111110(111)(103)(60)(66)(80)0(84)0
   518   128.000000      1.000000     129.000000   Etimer18         0     11210111000000011111110(111)(103)(60)(66)(81)0(84)0
   519   128.000000      1.000000     129.000000   Etimer22         0     11210111000000011111110(111)(104)(60)(66)(81)0(84)0
   520   128.000000      1.000000     129.000000   Etimer17         0     11210111000000011111110(111)(104)(60)(66)(81)0(85)0
   521   128.000000      1.000000     129.000000   Etimer21         0     11210111000000011111110(112)(104)(60)(66)(81)0(85)0
   522   128.000000      1.000000     129.000000   Etimer19         0     11210111000000011111110(112)(104)(60)(66)(82)0(85)0
   523   128.000000      1.000000     129.000000   Etimer20         0     11210111000000011111110(112)(104)(61)(66)(82)0(85)0
   524   129.000000      1.000000     130.000000   Etimer17         0     11210111000000011111110(112)(104)(61)(67)(82)0(85)0
   525   129.000000      1.000000     130.000000   Etimer22         0     11210111000000011111110(113)(104)(61)(67)(82)0(85)0
   526   129.000000      1.000000     130.000000   Etimer21         0     11210111000000011111110(113)(104)(61)(67)(82)0(86)0
   527   129.000000      1.000000     130.000000   Etimer19         0     11210111000000011111110(113)(104)(61)(67)(83)0(86)0
   528   129.000000      1.000000     130.000000   Etimer18         0     11210111000000011111110(113)(104)(62)(67)(83)0(86)0
   529   129.000000      1.000000     130.000000   Etimer20         0     11210111000000011111110(113)(105)(62)(67)(83)0(86)0
   530   130.000000      1.000000     131.000000   Etimer20         0     11210111000000011111110(113)(105)(62)(68)(83)0(86)0
   531   130.000000      1.000000     131.000000   Etimer17         0     11210111000000011111110(113)(105)(62)(69)(83)0(86)0
   532   130.000000      1.000000     131.000000   Etimer22         0     11210111000000011111110(114)(105)(62)(69)(83)0(86)0
   533   130.000000      1.000000     131.000000   Etimer18         0     11210111000000011111110(114)(105)(62)(69)(83)0(87)0
   534   130.000000      1.000000     131.000000   Etimer19         0     11210111000000011111110(114)(106)(62)(69)(83)0(87)0
   535   130.000000      1.000000     131.000000   Etimer21         0     11210111000000011111110(114)(106)(63)(69)(83)0(87)0
   536   131.000000      1.000000     132.000000   Etimer21         0     11210111000000011111110(114)(106)(63)(69)(84)0(87)0
   537   131.000000      1.000000     132.000000   Etimer22         0     11210111000000011111110(114)(106)(63)(69)(85)0(87)0
   538   131.000000      1.000000     132.000000   Etimer17         0     11210111000000011111110(114)(106)(63)(69)(85)0(88)0
   539   131.000000      1.000000     132.000000   Etimer19         0     11210111000000011111110(115)(106)(63)(69)(85)0(88)0
   540   131.000000      1.000000     132.000000   Etimer20         0     11210111000000011111110(115)(106)(64)(69)(85)0(88)0
   541   131.000000      1.000000     132.000000   Etimer18         0     11210111000000011111110(115)(106)(64)(70)(85)0(88)0
   542   132.000000      1.000000     133.000000   Etimer19         0     11210111000000011111110(115)(107)(64)(70)(85)0(88)0
   543   132.000000      1.000000     133.000000   Etimer17         0     11210111000000011111110(115)(107)(65)(70)(85)0(88)0
   544   132.000000      1.000000     133.000000   Etimer18         0     11210111000000011111110(116)(107)(65)(70)(85)0(88)0
   545   132.000000      1.000000     133.000000   Etimer22         0     11210111000000011111110(116)(108)(65)(70)(85)0(88)0
   546   132.000000      1.000000     133.000000   Etimer21         0     11210111000000011111110(116)(108)(65)(70)(85)0(89)0
   547   132.000000      1.000000     133.000000   Etimer20         0     11210111000000011111110(116)(108)(65)(70)(86)0(89)0
   548   133.000000      1.000000     134.000000   Etimer19         0     11210111000000011111110(116)(108)(65)(71)(86)0(89)0
   549   133.000000      1.000000     134.000000   Etimer22         0     11210111000000011111110(116)(108)(66)(71)(86)0(89)0
   550   133.000000      1.000000     134.000000   Etimer21         0     11210111000000011111110(116)(108)(66)(71)(86)0(90)0
   551   133.000000      1.000000     134.000000   Etimer18         0     11210111000000011111110(116)(108)(66)(71)(87)0(90)0
   552   133.000000      1.000000     134.000000   Etimer17         0     11210111000000011111110(116)(109)(66)(71)(87)0(90)0
   553   133.000000      1.000000     134.000000   Etimer20         0     11210111000000011111110(117)(109)(66)(71)(87)0(90)0
   554   134.000000      1.000000     135.000000   Etimer17         0     11210111000000011111110(117)(109)(66)(72)(87)0(90)0
   555   134.000000      1.000000     135.000000   Etimer22         0     11210111000000011111110(118)(109)(66)(72)(87)0(90)0
   556   134.000000      1.000000     135.000000   Etimer18         0     11210111000000011111110(118)(109)(66)(72)(87)0(91)0
   557   134.000000      1.000000     135.000000   Etimer19         0     11210111000000011111110(118)(110)(66)(72)(87)0(91)0
   558   134.000000      1.000000     135.000000   Etimer21         0     11210111000000011111110(118)(110)(67)(72)(87)0(91)0
   559   134.000000      1.000000     135.000000   Etimer20         0     11210111000000011111110(118)(110)(67)(72)(88)0(91)0
   560   135.000000      1.000000     136.000000   Etimer21         0     11210111000000011111110(118)(110)(67)(73)(88)0(91)0
   561   135.000000      1.000000     136.000000   Etimer19         0     11210111000000011111110(118)(110)(67)(73)(89)0(91)0
   562   135.000000      1.000000     136.000000   Etimer17         0     11210111000000011111110(118)(110)(68)(73)(89)0(91)0
   563   135.000000      1.000000     136.000000   Etimer20         0     11210111000000011111110(119)(110)(68)(73)(89)0(91)0
   564   135.000000      1.000000     136.000000   Etimer22         0     11210111000000011111110(119)(110)(68)(74)(89)0(91)0
   565   135.000000      1.000000     136.000000   Etimer18         0     11210111000000011111110(119)(110)(68)(74)(89)0(92)0
   566   136.000000      1.000000     137.000000   Etimer17         0     11210111000000011111110(119)(111)(68)(74)(89)0(92)0
   567   136.000000      1.000000     137.000000   Etimer18         0     11210111000000011111110(120)(111)(68)(74)(89)0(92)0
   568   136.000000      1.000000     137.000000   Etimer22         0     11210111000000011111110(120)(112)(68)(74)(89)0(92)0
   569   136.000000      1.000000     137.000000   Etimer19         0     11210111000000011111110(120)(112)(68)(74)(89)0(93)0
   570   136.000000      1.000000     137.000000   Etimer21         0     11210111000000011111110(120)(112)(69)(74)(89)0(93)0
   571   136.000000      1.000000     137.000000   Etimer20         0     11210111000000011111110(120)(112)(69)(74)(90)0(93)0
   572   137.000000      1.000000     138.000000   Etimer18         0     11210111000000011111110(120)(112)(69)(75)(90)0(93)0
   573   137.000000      1.000000     138.000000   Etimer20         0     11210111000000011111110(120)(113)(69)(75)(90)0(93)0
   574   137.000000      1.000000     138.000000   Etimer22         0     11210111000000011111110(120)(113)(69)(76)(90)0(93)0
   575   137.000000      1.000000     138.000000   Etimer19         0     11210111000000011111110(120)(113)(69)(76)(90)0(94)0
   576   137.000000      1.000000     138.000000   Etimer21         0     11210111000000011111110(120)(113)(70)(76)(90)0(94)0
   577   137.000000      1.000000     138.000000   Etimer17         0     11210111000000011111110(120)(113)(70)(76)(91)0(94)0
   578   138.000000      1.000000     139.000000   Etimer19         0     11210111000000011111110(121)(113)(70)(76)(91)0(94)0
   579   138.000000      1.000000     139.000000   Etimer21         0     11210111000000011111110(121)(113)(71)(76)(91)0(94)0
   580   138.000000      1.000000     139.000000   Etimer17         0     11210111000000011111110(121)(113)(71)(76)(92)0(94)0
   581   138.000000      1.000000     139.000000   Etimer18         0     11210111000000011111110(122)(113)(71)(76)(92)0(94)0
   582   138.000000      1.000000     139.000000   Etimer20         0     11210111000000011111110(122)(114)(71)(76)(92)0(94)0
   583   138.000000      1.000000     139.000000   Etimer22         0     11210111000000011111110(122)(114)(71)(77)(92)0(94)0
   584   139.000000      1.000000     140.000000   Etimer22         0     11210111000000011111110(122)(114)(71)(77)(92)0(95)0
   585   139.000000      1.000000     140.000000   Etimer21         0     11210111000000011111110(122)(114)(71)(77)(92)0(96)0
   586   139.000000      1.000000     140.000000   Etimer19         0     11210111000000011111110(122)(114)(71)(77)(93)0(96)0
   587   139.000000      1.000000     140.000000   Etimer17         0     11210111000000011111110(122)(114)(72)(77)(93)0(96)0
   588   139.000000      1.000000     140.000000   Etimer18         0     11210111000000011111110(123)(114)(72)(77)(93)0(96)0
   589   139.000000      1.000000     140.000000   Etimer20         0     11210111000000011111110(123)(115)(72)(77)(93)0(96)0
   590   140.000000      1.000000     141.000000   Etimer20         0     11210111000000011111110(123)(115)(72)(78)(93)0(96)0
   591   140.000000      1.000000     141.000000   Etimer22         0     11210111000000011111110(123)(115)(72)(79)(93)0(96)0
   592   140.000000      1.000000     141.000000   Etimer19         0     11210111000000011111110(123)(115)(72)(79)(93)0(97)0
   593   140.000000      1.000000     141.000000   Etimer18         0     11210111000000011111110(123)(115)(73)(79)(93)0(97)0
   594   140.000000      1.000000     141.000000   Etimer21         0     11210111000000011111110(123)(116)(73)(79)(93)0(97)0
   595   140.000000      1.000000     141.000000   Etimer17         0     11210111000000011111110(123)(116)(73)(79)(94)0(97)0
   596   141.000000      1.000000     142.000000   Etimer22         0     11210111000000011111110(124)(116)(73)(79)(94)0(97)0
   597   141.000000      1.000000     142.000000   Etimer20         0     11210111000000011111110(124)(116)(73)(79)(94)0(98)0
   598   141.000000      1.000000     142.000000   Etimer18         0     11210111000000011111110(124)(116)(73)(80)(94)0(98)0
   599   141.000000      1.000000     142.000000   Etimer19         0     11210111000000011111110(124)(117)(73)(80)(94)0(98)0
   600   141.000000      1.000000     142.000000   Etimer17         0     11210111000000011111110(124)(117)(74)(80)(94)0(98)0
   601   141.000000      1.000000     142.000000   Etimer21         0     11210111000000011111110(125)(117)(74)(80)(94)0(98)0
   602   142.000000      1.000000     143.000000   Etimer21         0     11210111000000011111110(125)(117)(74)(80)(95)0(98)0
   603   142.000000      1.000000     143.000000   Etimer19         0     11210111000000011111110(125)(117)(74)(80)(96)0(98)0
   604   142.000000      1.000000     143.000000   Etimer22         0     11210111000000011111110(125)(117)(75)(80)(96)0(98)0
   605   142.000000      1.000000     143.000000   Etimer17         0     11210111000000011111110(125)(117)(75)(80)(96)0(99)0
   606   142.000000      1.000000     143.000000   Etimer20         0     11210111000000011111110(126)(117)(75)(80)(96)0(99)0
   607   142.000000      1.000000     143.000000   Etimer18         0     11210111000000011111110(126)(117)(75)(81)(96)0(99)0
   608   143.000000      1.000000     144.000000   Etimer22         0     11210111000000011111110(126)(118)(75)(81)(96)0(99)0
   609   143.000000      1.000000     144.000000   Etimer17         0     11210111000000011111110(126)(118)(75)(81)(96)0(100)0
   610   143.000000      1.000000     144.000000   Etimer20         0     11210111000000011111110(127)(118)(75)(81)(96)0(100)0
   611   143.000000      1.000000     144.000000   Etimer21         0     11210111000000011111110(127)(118)(75)(82)(96)0(100)0
   612   143.000000      1.000000     144.000000   Etimer18         0     11210111000000011111110(127)(118)(75)(82)(97)0(100)0
   613   143.000000      1.000000     144.000000   Etimer19         0     11210111000000011111110(127)(119)(75)(82)(97)0(100)0
   614   144.000000      1.000000     145.000000   Etimer20         0     11210111000000011111110(127)(119)(76)(82)(97)0(100)0
   615   144.000000      1.000000     145.000000   Etimer19         0     11210111000000011111110(127)(119)(76)(83)(97)0(100)0
   616   144.000000      1.000000     145.000000   Etimer22         0     11210111000000011111110(127)(119)(77)(83)(97)0(100)0
   617   144.000000      1.000000     145.000000   Etimer18         0     11210111000000011111110(127)(119)(77)(83)(97)0(101)0
   618   144.000000      1.000000     145.000000   Etimer17         0     11210111000000011111110(127)(120)(77)(83)(97)0(101)0
   619   144.000000      1.000000     145.000000   Etimer21         0     11210111000000011111110(128)(120)(77)(83)(97)0(101)0
   620   145.000000      1.000000     146.000000   Etimer20         0     11210111000000011111110(128)(120)(77)(83)(98)0(101)0
   621   145.000000      1.000000     146.000000   Etimer21         0     11210111000000011111110(128)(120)(77)(84)(98)0(101)0
   622   145.000000      1.000000     146.000000   Etimer17         0     11210111000000011111110(128)(120)(77)(84)(99)0(101)0
   623   145.000000      1.000000     146.000000   Etimer19         0     11210111000000011111110(129)(120)(77)(84)(99)0(101)0
   624   145.000000      1.000000     146.000000   Etimer22         0     11210111000000011111110(129)(120)(78)(84)(99)0(101)0
   625   145.000000      1.000000     146.000000   Etimer18         0     11210111000000011111110(129)(120)(78)(84)(99)0(102)0
   626   146.000000      1.000000     147.000000   Etimer20         0     11210111000000011111110(129)(121)(78)(84)(99)0(102)0
   627   146.000000      1.000000     147.000000   Etimer22         0     11210111000000011111110(129)(121)(78)(85)(99)0(102)0
   628   146.000000      1.000000     147.000000   Etimer17         0     11210111000000011111110(129)(121)(78)(85)(99)0(103)0
   629   146.000000      1.000000     147.000000   Etimer21         0     11210111000000011111110(130)(121)(78)(85)(99)0(103)0
   630   146.000000      1.000000     147.000000   Etimer19         0     11210111000000011111110(130)(121)(78)(85)(100)0(103)0
   631   146.000000      1.000000     147.000000   Etimer18         0     11210111000000011111110(130)(121)(79)(85)(100)0(103)0
   632   147.000000      1.000000     148.000000   Etimer20         0     11210111000000011111110(130)(122)(79)(85)(100)0(103)0
   633   147.000000      1.000000     148.000000   Etimer18         0     11210111000000011111110(130)(122)(79)(86)(100)0(103)0
   634   147.000000      1.000000     148.000000   Etimer22         0     11210111000000011111110(130)(123)(79)(86)(100)0(103)0
   635   147.000000      1.000000     148.000000   Etimer19         0     11210111000000011111110(130)(123)(79)(86)(100)0(104)0
   636   147.000000      1.000000     148.000000   Etimer21         0     11210111000000011111110(130)(123)(80)(86)(100)0(104)0
   637   147.000000      1.000000     148.000000   Etimer17         0     11210111000000011111110(130)(123)(80)(86)(101)0(104)0
   638   148.000000      1.000000     149.000000   Etimer21         0     11210111000000011111110(131)(123)(80)(86)(101)0(104)0
   639   148.000000      1.000000     149.000000   Etimer18         0     11210111000000011111110(131)(123)(80)(86)(102)0(104)0
   640   148.000000      1.000000     149.000000   Etimer19         0     11210111000000011111110(131)(124)(80)(86)(102)0(104)0
   641   148.000000      1.000000     149.000000   Etimer20         0     11210111000000011111110(131)(124)(81)(86)(102)0(104)0
   642   148.000000      1.000000     149.000000   Etimer22         0     11210111000000011111110(131)(124)(81)(87)(102)0(104)0
   643   148.000000      1.000000     149.000000   Etimer17         0     11210111000000011111110(131)(124)(81)(87)(102)0(105)0
   644   149.000000      1.000000     150.000000   Etimer17         0     11210111000000011111110(132)(124)(81)(87)(102)0(105)0
   645   149.000000      1.000000     150.000000   Etimer19         0     11210111000000011111110(133)(124)(81)(87)(102)0(105)0
   646   149.000000      1.000000     150.000000   Etimer18         0     11210111000000011111110(133)(124)(82)(87)(102)0(105)0
   647   149.000000      1.000000     150.000000   Etimer20         0     11210111000000011111110(133)(125)(82)(87)(102)0(105)0
   648   149.000000      1.000000     150.000000   Etimer21         0     11210111000000011111110(133)(125)(82)(88)(102)0(105)0
   649   149.000000      1.000000     150.000000   Etimer22         0     11210111000000011111110(133)(125)(82)(88)(103)0(105)0
   650   150.000000      1.000000     151.000000   Etimer19         0     11210111000000011111110(133)(125)(82)(88)(103)0(106)0
   651   150.000000      1.000000     151.000000   Etimer18         0     11210111000000011111110(133)(125)(83)(88)(103)0(106)0
   652   150.000000      1.000000     151.000000   Etimer20         0     11210111000000011111110(133)(126)(83)(88)(103)0(106)0
   653   150.000000      1.000000     151.000000   Etimer21         0     11210111000000011111110(133)(126)(83)(89)(103)0(106)0
   654   150.000000      1.000000     151.000000   Etimer17         0     11210111000000011111110(133)(126)(83)(89)(104)0(106)0
   655   150.000000      1.000000     151.000000   Etimer22         0     11210111000000011111110(134)(126)(83)(89)(104)0(106)0
   656   151.000000      1.000000     152.000000   Etimer22         0     11210111000000011111110(134)(126)(83)(89)(104)0(107)0
   657   151.000000      1.000000     152.000000   Etimer17         0     11210111000000011111110(134)(126)(83)(89)(104)0(108)0
   658   151.000000      1.000000     152.000000   Etimer21         0     11210111000000011111110(135)(126)(83)(89)(104)0(108)0
   659   151.000000      1.000000     152.000000   Etimer19         0     11210111000000011111110(135)(126)(83)(89)(105)0(108)0
   660   151.000000      1.000000     152.000000   Etimer18         0     11210111000000011111110(135)(126)(84)(89)(105)0(108)0
   661   151.000000      1.000000     152.000000   Etimer20         0     11210111000000011111110(135)(127)(84)(89)(105)0(108)0
   662   152.000000      1.000000     153.000000   Etimer21         0     11210111000000011111110(135)(127)(84)(90)(105)0(108)0
   663   152.000000      1.000000     153.000000   Etimer20         0     11210111000000011111110(135)(127)(84)(90)(106)0(108)0
   664   152.000000      1.000000     153.000000   Etimer19         0     11210111000000011111110(135)(127)(84)(91)(106)0(108)0
   665   152.000000      1.000000     153.000000   Etimer22         0     11210111000000011111110(135)(127)(85)(91)(106)0(108)0
   666   152.000000      1.000000     153.000000   Etimer18         0     11210111000000011111110(135)(127)(85)(91)(106)0(109)0
   667   152.000000      1.000000     153.000000   Etimer17         0     11210111000000011111110(135)(128)(85)(91)(106)0(109)0
   668   153.000000      1.000000     154.000000   Etimer20         0     11210111000000011111110(136)(128)(85)(91)(106)0(109)0
   669   153.000000      1.000000     154.000000   Etimer17         0     11210111000000011111110(136)(128)(85)(92)(106)0(109)0
   670   153.000000      1.000000     154.000000   Etimer21         0     11210111000000011111110(137)(128)(85)(92)(106)0(109)0
   671   153.000000      1.000000     154.000000   Etimer18         0     11210111000000011111110(137)(128)(85)(92)(107)0(109)0
   672   153.000000      1.000000     154.000000   Etimer22         0     11210111000000011111110(137)(129)(85)(92)(107)0(109)0
   673   153.000000      1.000000     154.000000   Etimer19         0     11210111000000011111110(137)(129)(85)(92)(107)0(110)0
   674   154.000000      1.000000     155.000000   Etimer18         0     11210111000000011111110(137)(129)(86)(92)(107)0(110)0
   675   154.000000      1.000000     155.000000   Etimer20         0     11210111000000011111110(137)(130)(86)(92)(107)0(110)0
   676   154.000000      1.000000     155.000000   Etimer22         0     11210111000000011111110(137)(130)(86)(93)(107)0(110)0
   677   154.000000      1.000000     155.000000   Etimer21         0     11210111000000011111110(137)(130)(86)(93)(107)0(111)0
   678   154.000000      1.000000     155.000000   Etimer17         0     11210111000000011111110(137)(130)(86)(93)(108)0(111)0
   679   154.000000      1.000000     155.000000   Etimer19         0     11210111000000011111110(138)(130)(86)(93)(108)0(111)0
   680   155.000000      1.000000     156.000000   Etimer20         0     11210111000000011111110(138)(130)(87)(93)(108)0(111)0
   681   155.000000      1.000000     156.000000   Etimer17         0     11210111000000011111110(138)(130)(87)(94)(108)0(111)0
   682   155.000000      1.000000     156.000000   Etimer18         0     11210111000000011111110(139)(130)(87)(94)(108)0(111)0
   683   155.000000      1.000000     156.000000   Etimer21         0     11210111000000011111110(139)(131)(87)(94)(108)0(111)0
   684   155.000000      1.000000     156.000000   Etimer22         0     11210111000000011111110(139)(131)(87)(94)(109)0(111)0
   685   155.000000      1.000000     156.000000   Etimer19         0     11210111000000011111110(139)(131)(87)(94)(109)0(112)0
   686   156.000000      1.000000     157.000000   Etimer18         0     11210111000000011111110(139)(131)(88)(94)(109)0(112)0
   687   156.000000      1.000000     157.000000   Etimer17         0     11210111000000011111110(139)(132)(88)(94)(109)0(112)0
   688   156.000000      1.000000     157.000000   Etimer22         0     11210111000000011111110(140)(132)(88)(94)(109)0(112)0
   689   156.000000      1.000000     157.000000   Etimer21         0     11210111000000011111110(140)(132)(88)(94)(109)0(113)0
   690   156.000000      1.000000     157.000000   Etimer20         0     11210111000000011111110(140)(132)(88)(94)(110)0(113)0
   691   156.000000      1.000000     157.000000   Etimer19         0     11210111000000011111110(140)(132)(88)(95)(110)0(113)0
   692   157.000000      1.000000     158.000000   Etimer19         0     11210111000000011111110(140)(132)(89)(95)(110)0(113)0
   693   157.000000      1.000000     158.000000   Etimer18         0     11210111000000011111110(140)(132)(90)(95)(110)0(113)0
   694   157.000000      1.000000     158.000000   Etimer22         0     11210111000000011111110(140)(133)(90)(95)(110)0(113)0
   695   157.000000      1.000000     158.000000   Etimer17         0     11210111000000011111110(140)(133)(90)(95)(110)0(114)0
   696   157.000000      1.000000     158.000000   Etimer21         0     11210111000000011111110(141)(133)(90)(95)(110)0(114)0
   697   157.000000      1.000000     158.000000   Etimer20         0     11210111000000011111110(141)(133)(90)(95)(111)0(114)0
   698   158.000000      1.000000     159.000000   Etimer21         0     11210111000000011111110(141)(133)(90)(96)(111)0(114)0
   699   158.000000      1.000000     159.000000   Etimer19         0     11210111000000011111110(141)(133)(90)(96)(112)0(114)0
   700   158.000000      1.000000     159.000000   Etimer22         0     11210111000000011111110(141)(133)(91)(96)(112)0(114)0
   701   158.000000      1.000000     159.000000   Etimer20         0     11210111000000011111110(141)(133)(91)(96)(112)0(115)0
   702   158.000000      1.000000     159.000000   Etimer18         0     11210111000000011111110(141)(133)(91)(97)(112)0(115)0
   703   158.000000      1.000000     159.000000   Etimer17         0     11210111000000011111110(141)(134)(91)(97)(112)0(115)0
   704   159.000000      1.000000     160.000000   Etimer18         0     11210111000000011111110(142)(134)(91)(97)(112)0(115)0
   705   159.000000      1.000000     160.000000   Etimer17         0     11210111000000011111110(142)(135)(91)(97)(112)0(115)0
   706   159.000000      1.000000     160.000000   Etimer22         0     11210111000000011111110(143)(135)(91)(97)(112)0(115)0
   707   159.000000      1.000000     160.000000   Etimer19         0     11210111000000011111110(143)(135)(91)(97)(112)0(116)0
   708   159.000000      1.000000     160.000000   Etimer20         0     11210111000000011111110(143)(135)(92)(97)(112)0(116)0
   709   159.000000      1.000000     160.000000   Etimer21         0     11210111000000011111110(143)(135)(92)(98)(112)0(116)0
   710   160.000000      1.000000     161.000000   Etimer21         0     11210111000000011111110(143)(135)(92)(98)(113)0(116)0
   711   160.000000      1.000000     161.000000   Etimer19         0     11210111000000011111110(143)(135)(92)(98)(114)0(116)0
   712   160.000000      1.000000     161.000000   Etimer17         0     11210111000000011111110(143)(135)(93)(98)(114)0(116)0
   713   160.000000      1.000000     161.000000   Etimer22         0     11210111000000011111110(144)(135)(93)(98)(114)0(116)0
   714   160.000000      1.000000     161.000000   Etimer18         0     11210111000000011111110(144)(135)(93)(98)(114)0(117)0
   715   160.000000      1.000000     161.000000   Etimer20         0     11210111000000011111110(144)(136)(93)(98)(114)0(117)0
   716   161.000000      1.000000     162.000000   Etimer21         0     11210111000000011111110(144)(136)(93)(99)(114)0(117)0
   717   161.000000      1.000000     162.000000   Etimer18         0     11210111000000011111110(144)(136)(93)(99)(115)0(117)0
   718   161.000000      1.000000     162.000000   Etimer20         0     11210111000000011111110(144)(137)(93)(99)(115)0(117)0
   719   161.000000      1.000000     162.000000   Etimer22         0     11210111000000011111110(144)(137)(93)(100)(115)0(117)0
   720   161.000000      1.000000     162.000000   Etimer17         0     11210111000000011111110(144)(137)(93)(100)(115)0(118)0
   721   161.000000      1.000000     162.000000   Etimer19         0     11210111000000011111110(145)(137)(93)(100)(115)0(118)0
   722    65.000000     97.000000     162.000000   Cap              0     11210111000000011111110(145)(137)(94)(100)(115)0(118)0
   723   162.000000      0.000000     162.000000   ImmTr6           0     11210111000000001111111(145)(137)(94)(100)(115)0(118)0
   724   162.000000      0.000000     162.000000   ImmTr4           0     11200111000001001111110(145)(137)(94)(100)(115)0(118)0
   725   162.000000      0.000000     162.000000   ImmTr3           0     11100111000101001110110(145)(137)(94)(100)(115)0(118)0
   726   162.000000      0.000000     162.000000   ImmTr2           0     10100111001101001100110(145)(137)(94)(100)(115)0(118)0
   727   162.000000      0.000000     162.000000   ImmTr1           0     00100111011101001000110(145)(137)(94)(100)(115)0(118)0

RunTime=  162.000000 time unit    Sim_Time=  0.806108 sec
