
-------------------------------------------------------------------------------------------------
Event#  Enabling_Time     Delay    Firing_Time    Firing_Tr   Token_ID     Marking(befor firing)  
-----------------------------------------------------------------------------------------------------
     1     0.000000      6.114743       6.114743   T1         0     00001
     2     6.114743      0.000000       6.114743   T2         0     10001
     3     6.114743      0.828970       6.943713   T3         0     01000
     4     6.943713      0.000000       6.943713   T4         0     00101
     5     6.943713      0.533865       7.477578   T5         0     00011
     6     6.114743      6.217213      12.331957   T1         0     00001
     7    12.331957      0.000000      12.331957   T2         0     10001
     8    12.331957     11.280924      23.612881   T3         0     01000
     9    23.612881      0.000000      23.612881   T4         0     00101
    10    23.612881     13.871363      37.484244   T5         0     00011

RunTime=   37.484244 time unit    Sim_Time=  0.238571 sec
