
-------------------------------------------------------------------------------------------------
Event#  Enabling_Time     Delay    Firing_Time    Firing_Tr   Token_ID     Marking(befor firing)  
-----------------------------------------------------------------------------------------------------
     1     0.000000  27624.285714   27624.285714   RGB_to_YUV-DownSampling-Spliting                  1     10000000000000000000000000000
     2 27624.285714     65.000000   27689.285714   Add_Offset_128                                    2     0(128)000000000000000000000000000
     3 27689.285714     65.000000   27754.285714   Add_Offset_128                                    3     0(127)100000000000000000000000000
     4 27754.285714     65.000000   27819.285714   Add_Offset_128                                    4     0(127)010100000000000000000000000
     5 27819.285714     65.000000   27884.285714   Add_Offset_128                                    5     0(126)110100000000000000000000000
     6 27689.285714    204.285714   27893.571429   DCT_DC-Quantize_DC-DPCM_Coding                    2     0(126)020110000000000000000000000
     7 27884.285714     65.000000   27949.285714   Add_Offset_128                                    6     0(125)120110000000000000000000000
     8 27949.285714     65.000000   28014.285714   Add_Offset_128                                    7     0(125)030111000000000000000000000
     9 28014.285714     65.000000   28079.285714   Add_Offset_128                                    8     0(124)130111000000000000000000000
    10 27893.571429    204.285714   28097.857143   DCT_DC-Quantize_DC-DPCM_Coding                    3     0(124)040111100000000000000000000
    11 28079.285714     65.000000   28144.285714   Add_Offset_128                                    9     0(124)031111100000000000000000000
    12 28144.285714     65.000000   28209.285714   Add_Offset_128                                   10     0(123)131111100000000000000000000
    13 28209.285714     65.000000   28274.285714   Add_Offset_128                                   11     0(123)041111110000000000000000000
    14 28097.857143    204.285714   28302.142857   DCT_DC-Quantize_DC-DPCM_Coding                    4     0(122)141111110000000000000000000
    15 28274.285714     65.000000   28339.285714   Add_Offset_128                                   12     0(122)051111111000000000000000000
    16 28339.285714     65.000000   28404.285714   Add_Offset_128                                   13     0(121)151111111000000000000000000
    17 28404.285714     65.000000   28469.285714   Add_Offset_128                                   14     0(121)061111111100000000000000000
    18 28302.142857    204.285714   28506.428571   DCT_DC-Quantize_DC-DPCM_Coding                    5     0(121)052111111100000000000000000
    19 28469.285714     65.000000   28534.285714   Add_Offset_128                                   15     0(120)152111111100000000000000000
    20 28534.285714     65.000000   28599.285714   Add_Offset_128                                   16     0(120)062111111110000000000000000
    21 28599.285714     65.000000   28664.285714   Add_Offset_128                                   17     0(119)162111111110000000000000000
    22 28506.428571    204.285714   28710.714286   DCT_DC-Quantize_DC-DPCM_Coding                    6     0(119)072111111111000000000000000
    23 28664.285714     65.000000   28729.285714   Add_Offset_128                                   18     0(118)172111111111000000000000000
    24 28729.285714     65.000000   28794.285714   Add_Offset_128                                   19     0(118)082111111111100000000000000
    25 28794.285714     65.000000   28859.285714   Add_Offset_128                                   20     0(118)073111111111100000000000000
    26 28710.714286    204.285714   28915.000000   DCT_DC-Quantize_DC-DPCM_Coding                    7     0(117)173111111111100000000000000
    27 28859.285714     65.000000   28924.285714   Add_Offset_128                                   21     0(117)083111111111110000000000000
    28 28924.285714     65.000000   28989.285714   Add_Offset_128                                   22     0(116)183111111111110000000000000
    29 28989.285714     65.000000   29054.285714   Add_Offset_128                                   23     0(116)093111111111111000000000000
    30 28915.000000    204.285714   29119.285714   DCT_DC-Quantize_DC-DPCM_Coding                    8     0(115)193111111111111000000000000
    31 29054.285714     65.000000   29119.285714   Add_Offset_128                                   24     0(115)0(10)3211111111111000000000000
    32 29119.285714     65.000000   29184.285714   Add_Offset_128                                   25     0(115)094211111111111000000000000
    33 29184.285714     65.000000   29249.285714   Add_Offset_128                                   26     0(114)194211111111111000000000000
    34 29249.285714     65.000000   29314.285714   Add_Offset_128                                   27     0(114)0(10)4221111111111000000000000
    35 29119.285714    204.285714   29323.571429   DCT_DC-Quantize_DC-DPCM_Coding                    9     0(113)1(10)4221111111111000000000000
    36 29314.285714     65.000000   29379.285714   Add_Offset_128                                   28     0(113)0(11)4222111111111000000000000
    37 29379.285714     65.000000   29444.285714   Add_Offset_128                                   29     0(112)1(11)4222111111111000000000000
    38 29444.285714     65.000000   29509.285714   Add_Offset_128                                   30     0(112)0(12)4222211111111000000000000
    39 29323.571429    204.285714   29527.857143   DCT_DC-Quantize_DC-DPCM_Coding                   10     0(112)0(11)5222211111111000000000000
    40 29509.285714     65.000000   29574.285714   Add_Offset_128                                   31     0(111)1(11)5222211111111000000000000
    41 29574.285714     65.000000   29639.285714   Add_Offset_128                                   32     0(111)0(12)5222221111111000000000000
    42 29639.285714     65.000000   29704.285714   Add_Offset_128                                   33     0(110)1(12)5222221111111000000000000
    43 29527.857143    204.285714   29732.142857   DCT_DC-Quantize_DC-DPCM_Coding                   11     0(110)0(13)5222222111111000000000000
    44 29704.285714     65.000000   29769.285714   Add_Offset_128                                   34     0(109)1(13)5222222111111000000000000
    45 29769.285714     65.000000   29834.285714   Add_Offset_128                                   35     0(109)0(14)5222222211111000000000000
    46 29834.285714     65.000000   29899.285714   Add_Offset_128                                   36     0(109)0(13)6222222211111000000000000
    47 29732.142857    204.285714   29936.428571   DCT_DC-Quantize_DC-DPCM_Coding                   12     0(108)1(13)6222222211111000000000000
    48 29899.285714     65.000000   29964.285714   Add_Offset_128                                   37     0(108)0(14)6222222221111000000000000
    49 29964.285714     65.000000   30029.285714   Add_Offset_128                                   38     0(107)1(14)6222222221111000000000000
    50 30029.285714     65.000000   30094.285714   Add_Offset_128                                   39     0(107)0(15)6222222222111000000000000
    51 29936.428571    204.285714   30140.714286   DCT_DC-Quantize_DC-DPCM_Coding                   13     0(106)1(15)6222222222111000000000000
    52 30094.285714     65.000000   30159.285714   Add_Offset_128                                   40     0(106)0(16)6222222222211000000000000
    53 30159.285714     65.000000   30224.285714   Add_Offset_128                                   41     0(106)0(15)7222222222211000000000000
    54 30224.285714     65.000000   30289.285714   Add_Offset_128                                   42     0(105)1(15)7222222222211000000000000
    55 30140.714286    204.285714   30345.000000   DCT_DC-Quantize_DC-DPCM_Coding                   14     0(105)0(16)7222222222221000000000000
    56 30289.285714     65.000000   30354.285714   Add_Offset_128                                   43     0(104)1(16)7222222222221000000000000
    57 30354.285714     65.000000   30419.285714   Add_Offset_128                                   44     0(104)0(17)7222222222222000000000000
    58 30419.285714     65.000000   30484.285714   Add_Offset_128                                   45     0(103)1(17)7222222222222000000000000
    59 30345.000000    204.285714   30549.285714   DCT_DC-Quantize_DC-DPCM_Coding                   15     0(103)0(18)7322222222222000000000000
    60 30484.285714     65.000000   30549.285714   Add_Offset_128                                   46     0(102)1(18)7322222222222000000000000
    61 30549.285714     65.000000   30614.285714   Add_Offset_128                                   47     0(102)0(19)7332222222222000000000000
    62 30614.285714     65.000000   30679.285714   Add_Offset_128                                   48     0(102)0(18)8332222222222000000000000
    63 30679.285714     65.000000   30744.285714   Add_Offset_128                                   49     0(101)1(18)8332222222222000000000000
    64 30549.285714    204.285714   30753.571429   DCT_DC-Quantize_DC-DPCM_Coding                   16     0(101)0(19)8333222222222000000000000
    65 30744.285714     65.000000   30809.285714   Add_Offset_128                                   50     0(100)1(19)8333222222222000000000000
    66 30809.285714     65.000000   30874.285714   Add_Offset_128                                   51     0(100)0(20)8333322222222000000000000
    67 30874.285714     65.000000   30939.285714   Add_Offset_128                                   52     0(99)1(20)8333322222222000000000000
    68 30753.571429    204.285714   30957.857143   DCT_DC-Quantize_DC-DPCM_Coding                   17     0(99)0(21)8333332222222000000000000
    69 30939.285714     65.000000   31004.285714   Add_Offset_128                                   53     0(99)0(20)9333332222222000000000000
    70 31004.285714     65.000000   31069.285714   Add_Offset_128                                   54     0(98)1(20)9333332222222000000000000
    71 31069.285714     65.000000   31134.285714   Add_Offset_128                                   55     0(98)0(21)9333333222222000000000000
    72 30957.857143    204.285714   31162.142857   DCT_DC-Quantize_DC-DPCM_Coding                   18     0(97)1(21)9333333222222000000000000
    73 31134.285714     65.000000   31199.285714   Add_Offset_128                                   56     0(97)0(22)9333333322222000000000000
    74 31199.285714     65.000000   31264.285714   Add_Offset_128                                   57     0(96)1(22)9333333322222000000000000
    75 31264.285714     65.000000   31329.285714   Add_Offset_128                                   58     0(96)0(23)9333333332222000000000000
    76 31162.142857    204.285714   31366.428571   DCT_DC-Quantize_DC-DPCM_Coding                   19     0(96)0(22)(10)333333332222000000000000
    77 31329.285714     65.000000   31394.285714   Add_Offset_128                                   59     0(95)1(22)(10)333333332222000000000000
    78 31394.285714     65.000000   31459.285714   Add_Offset_128                                   60     0(95)0(23)(10)333333333222000000000000
    79 31459.285714     65.000000   31524.285714   Add_Offset_128                                   61     0(94)1(23)(10)333333333222000000000000
    80 31366.428571    204.285714   31570.714286   DCT_DC-Quantize_DC-DPCM_Coding                   20     0(94)0(24)(10)333333333322000000000000
    81 31524.285714     65.000000   31589.285714   Add_Offset_128                                   62     0(93)1(24)(10)333333333322000000000000
    82 31589.285714     65.000000   31654.285714   Add_Offset_128                                   63     0(93)0(25)(10)333333333332000000000000
    83 31654.285714     65.000000   31719.285714   Add_Offset_128                                   64     0(93)0(24)(11)333333333332000000000000
    84 31570.714286    204.285714   31775.000000   DCT_DC-Quantize_DC-DPCM_Coding                   21     0(92)1(24)(11)333333333332000000000000
    85 31719.285714     65.000000   31784.285714   Add_Offset_128                                   65     0(92)0(25)(11)333333333333000000000000
    86 31784.285714     65.000000   31849.285714   Add_Offset_128                                   66     0(91)1(25)(11)333333333333000000000000
    87 31849.285714     65.000000   31914.285714   Add_Offset_128                                   67     0(91)0(26)(11)433333333333000000000000
    88 31775.000000    204.285714   31979.285714   DCT_DC-Quantize_DC-DPCM_Coding                   22     0(90)1(26)(11)433333333333000000000000
    89 31914.285714     65.000000   31979.285714   Add_Offset_128                                   68     0(90)0(27)(11)443333333333000000000000
    90 31979.285714     65.000000   32044.285714   Add_Offset_128                                   69     0(90)0(26)(12)443333333333000000000000
    91 32044.285714     65.000000   32109.285714   Add_Offset_128                                   70     0(89)1(26)(12)443333333333000000000000
    92 32109.285714     65.000000   32174.285714   Add_Offset_128                                   71     0(89)0(27)(12)444333333333000000000000
    93 31979.285714    204.285714   32183.571429   DCT_DC-Quantize_DC-DPCM_Coding                   23     0(88)1(27)(12)444333333333000000000000
    94 32174.285714     65.000000   32239.285714   Add_Offset_128                                   72     0(88)0(28)(12)444433333333000000000000
    95 32239.285714     65.000000   32304.285714   Add_Offset_128                                   73     0(87)1(28)(12)444433333333000000000000
    96 32304.285714     65.000000   32369.285714   Add_Offset_128                                   74     0(87)0(29)(12)444443333333000000000000
    97 32183.571429    204.285714   32387.857143   DCT_DC-Quantize_DC-DPCM_Coding                   24     0(87)0(28)(13)444443333333000000000000
    98 32369.285714     65.000000   32434.285714   Add_Offset_128                                   75     0(86)1(28)(13)444443333333000000000000
    99 32434.285714     65.000000   32499.285714   Add_Offset_128                                   76     0(86)0(29)(13)444444333333000000000000
   100 32499.285714     65.000000   32564.285714   Add_Offset_128                                   77     0(85)1(29)(13)444444333333000000000000
   101 32387.857143    204.285714   32592.142857   DCT_DC-Quantize_DC-DPCM_Coding                   25     0(85)0(30)(13)444444433333000000000000
   102 32564.285714     65.000000   32629.285714   Add_Offset_128                                   78     0(84)1(30)(13)444444433333000000000000
   103 32629.285714     65.000000   32694.285714   Add_Offset_128                                   79     0(84)0(31)(13)444444443333000000000000
   104 32694.285714     65.000000   32759.285714   Add_Offset_128                                   80     0(84)0(30)(14)444444443333000000000000
   105 32592.142857    204.285714   32796.428571   DCT_DC-Quantize_DC-DPCM_Coding                   26     0(83)1(30)(14)444444443333000000000000
   106 32759.285714     65.000000   32824.285714   Add_Offset_128                                   81     0(83)0(31)(14)444444444333000000000000
   107 32824.285714     65.000000   32889.285714   Add_Offset_128                                   82     0(82)1(31)(14)444444444333000000000000
   108 32889.285714     65.000000   32954.285714   Add_Offset_128                                   83     0(82)0(32)(14)444444444433000000000000
   109 32796.428571    204.285714   33000.714286   DCT_DC-Quantize_DC-DPCM_Coding                   27     0(81)1(32)(14)444444444433000000000000
   110 32954.285714     65.000000   33019.285714   Add_Offset_128                                   84     0(81)0(33)(14)444444444443000000000000
   111 33019.285714     65.000000   33084.285714   Add_Offset_128                                   85     0(80)1(33)(14)444444444443000000000000
   112 33084.285714     65.000000   33149.285714   Add_Offset_128                                   86     0(80)0(34)(14)444444444444000000000000
   113 33000.714286    204.285714   33205.000000   DCT_DC-Quantize_DC-DPCM_Coding                   28     0(80)0(33)(15)444444444444000000000000
   114 33149.285714     65.000000   33214.285714   Add_Offset_128                                   87     0(79)1(33)(15)444444444444000000000000
   115 33214.285714     65.000000   33279.285714   Add_Offset_128                                   88     0(79)0(34)(15)544444444444000000000000
   116 33279.285714     65.000000   33344.285714   Add_Offset_128                                   89     0(78)1(34)(15)544444444444000000000000
   117 33205.000000    204.285714   33409.285714   DCT_DC-Quantize_DC-DPCM_Coding                   29     0(78)0(35)(15)554444444444000000000000
   118 33344.285714     65.000000   33409.285714   Add_Offset_128                                   90     0(77)1(35)(15)554444444444000000000000
   119 33409.285714     65.000000   33474.285714   Add_Offset_128                                   91     0(77)0(36)(15)555444444444000000000000
   120 33474.285714     65.000000   33539.285714   Add_Offset_128                                   92     0(77)0(35)(16)555444444444000000000000
   121 33539.285714     65.000000   33604.285714   Add_Offset_128                                   93     0(76)1(35)(16)555444444444000000000000
   122 33409.285714    204.285714   33613.571429   DCT_DC-Quantize_DC-DPCM_Coding                   30     0(76)0(36)(16)555544444444000000000000
   123 33604.285714     65.000000   33669.285714   Add_Offset_128                                   94     0(75)1(36)(16)555544444444000000000000
   124 33669.285714     65.000000   33734.285714   Add_Offset_128                                   95     0(75)0(37)(16)555554444444000000000000
   125 33734.285714     65.000000   33799.285714   Add_Offset_128                                   96     0(74)1(37)(16)555554444444000000000000
   126 33613.571429    204.285714   33817.857143   DCT_DC-Quantize_DC-DPCM_Coding                   31     0(74)0(38)(16)555555444444000000000000
   127 33799.285714     65.000000   33864.285714   Add_Offset_128                                   97     0(74)0(37)(17)555555444444000000000000
   128 33864.285714     65.000000   33929.285714   Add_Offset_128                                   98     0(73)1(37)(17)555555444444000000000000
   129 33929.285714     65.000000   33994.285714   Add_Offset_128                                   99     0(73)0(38)(17)555555544444000000000000
   130 33817.857143    204.285714   34022.142857   DCT_DC-Quantize_DC-DPCM_Coding                   32     0(72)1(38)(17)555555544444000000000000
   131 33994.285714     65.000000   34059.285714   Add_Offset_128                                  100     0(72)0(39)(17)555555554444000000000000
   132 34059.285714     65.000000   34124.285714   Add_Offset_128                                  101     0(71)1(39)(17)555555554444000000000000
   133 34124.285714     65.000000   34189.285714   Add_Offset_128                                  102     0(71)0(40)(17)555555555444000000000000
   134 34022.142857    204.285714   34226.428571   DCT_DC-Quantize_DC-DPCM_Coding                   33     0(71)0(39)(18)555555555444000000000000
   135 34189.285714     65.000000   34254.285714   Add_Offset_128                                  103     0(70)1(39)(18)555555555444000000000000
   136 34254.285714     65.000000   34319.285714   Add_Offset_128                                  104     0(70)0(40)(18)555555555544000000000000
   137 34319.285714     65.000000   34384.285714   Add_Offset_128                                  105     0(69)1(40)(18)555555555544000000000000
   138 34226.428571    204.285714   34430.714286   DCT_DC-Quantize_DC-DPCM_Coding                   34     0(69)0(41)(18)555555555554000000000000
   139 34384.285714     65.000000   34449.285714   Add_Offset_128                                  106     0(68)1(41)(18)555555555554000000000000
   140 34449.285714     65.000000   34514.285714   Add_Offset_128                                  107     0(68)0(42)(18)555555555555000000000000
   141 34514.285714     65.000000   34579.285714   Add_Offset_128                                  108     0(68)0(41)(19)555555555555000000000000
   142 34430.714286    204.285714   34635.000000   DCT_DC-Quantize_DC-DPCM_Coding                   35     0(67)1(41)(19)555555555555000000000000
   143 34579.285714     65.000000   34644.285714   Add_Offset_128                                  109     0(67)0(42)(19)655555555555000000000000
   144 34644.285714     65.000000   34709.285714   Add_Offset_128                                  110     0(66)1(42)(19)655555555555000000000000
   145 27754.285714   7006.000000   34760.285714   DCT_AC_2-Quantize_AC_2-Zigzag_Coding_2            3     0(66)0(43)(19)665555555555000000000000
   146 34709.285714     65.000000   34774.285714   Add_Offset_128                                  111     0(65)1(43)(19)665555555555000000000000
   147 34635.000000    204.285714   34839.285714   DCT_DC-Quantize_DC-DPCM_Coding                   36     0(65)0(44)(19)666555555555000000000000
   148 34774.285714     65.000000   34839.285714   Add_Offset_128                                  112     0(65)0(43)(20)666555555555000000000000
   149 27884.285714   7006.000000   34890.285714   DCT_AC_4-Quantize_AC_4-Zigzag_Coding_4            5     0(64)1(43)(20)666555555555000000000000
   150 34839.285714     65.000000   34904.285714   Add_Offset_128                                  113     0(64)0(44)(20)666655555555000000000000
   151 34904.285714     65.000000   34969.285714   Add_Offset_128                                  114     0(63)1(44)(20)666655555555000000000000
   152 28014.285714   7006.000000   35020.285714   DCT_AC_6-Quantize_AC_6-Zigzag_Coding_6            7     0(63)0(45)(20)666665555555000000000000
   153 34969.285714     65.000000   35034.285714   Add_Offset_128                                  115     0(62)1(45)(20)666665555555000000000000
   154 34839.285714    204.285714   35043.571429   DCT_DC-Quantize_DC-DPCM_Coding                   37     0(62)0(46)(20)666666555555000000000000
   155 35034.285714     65.000000   35099.285714   Add_Offset_128                                  116     0(62)0(45)(21)666666555555000000000000
   156 35099.285714     65.000000   35164.285714   Add_Offset_128                                  117     0(61)1(45)(21)666666555555000000000000
   157 35164.285714     65.000000   35229.285714   Add_Offset_128                                  118     0(61)0(46)(21)666666655555000000000000
   158 35043.571429    204.285714   35247.857143   DCT_DC-Quantize_DC-DPCM_Coding                   38     0(60)1(46)(21)666666655555000000000000
   159 35229.285714     65.000000   35294.285714   Add_Offset_128                                  119     0(60)0(47)(21)666666665555000000000000
   160 35294.285714     65.000000   35359.285714   Add_Offset_128                                  120     0(59)1(47)(21)666666665555000000000000
   161 35359.285714     65.000000   35424.285714   Add_Offset_128                                  121     0(59)0(48)(21)666666666555000000000000
   162 35247.857143    204.285714   35452.142857   DCT_DC-Quantize_DC-DPCM_Coding                   39     0(58)1(48)(21)666666666555000000000000
   163 35424.285714     65.000000   35489.285714   Add_Offset_128                                  122     0(58)0(49)(21)666666666655000000000000
   164 35489.285714     65.000000   35554.285714   Add_Offset_128                                  123     0(58)0(48)(22)666666666655000000000000
   165 35554.285714     65.000000   35619.285714   Add_Offset_128                                  124     0(57)1(48)(22)666666666655000000000000
   166 35452.142857    204.285714   35656.428571   DCT_DC-Quantize_DC-DPCM_Coding                   40     0(57)0(49)(22)666666666665000000000000
   167 35619.285714     65.000000   35684.285714   Add_Offset_128                                  125     0(56)1(49)(22)666666666665000000000000
   168 35684.285714     65.000000   35749.285714   Add_Offset_128                                  126     0(56)0(50)(22)666666666666000000000000
   169 35749.285714     65.000000   35814.285714   Add_Offset_128                                  127     0(55)1(50)(22)666666666666000000000000
   170 35656.428571    204.285714   35860.714286   DCT_DC-Quantize_DC-DPCM_Coding                   41     0(55)0(51)(22)766666666666000000000000
   171 35814.285714     65.000000   35879.285714   Add_Offset_128                                  128     0(55)0(50)(23)766666666666000000000000
   172 35879.285714     65.000000   35944.285714   Add_Offset_128                                  129     0(54)1(50)(23)766666666666000000000000
   173 28274.285714   7784.444444   36058.730159   DCT_AC_10-Quantize_AC_10-Zigzag_Coding_10        11     0(54)0(51)(23)776666666666000000000000
   174 35860.714286    204.285714   36065.000000   DCT_DC-Quantize_DC-DPCM_Coding                   42     0(53)1(51)(23)776666666666000000000000
   175 36065.000000    204.285714   36269.285714   DCT_DC-Quantize_DC-DPCM_Coding                   43     0(53)0(52)(23)777666666666000000000000
   176 27689.285714   8757.500000   36446.785714   DCT_AC_1-Quantize_AC_1-Zigzag_Coding_1            2     0(52)1(52)(23)777666666666000000000000
   177 36269.285714    204.285714   36473.571429   DCT_DC-Quantize_DC-DPCM_Coding                   44     0(52)0(53)(23)777766666666000000000000
   178 36473.571429    204.285714   36677.857143   DCT_DC-Quantize_DC-DPCM_Coding                   45     0(52)0(52)(24)777766666666000000000000
   179 28079.285714   8757.500000   36836.785714   DCT_AC_7-Quantize_AC_7-Zigzag_Coding_7            8     0(51)1(52)(24)777766666666000000000000
   180 36677.857143    204.285714   36882.142857   DCT_DC-Quantize_DC-DPCM_Coding                   46     0(51)0(53)(24)777776666666000000000000
   181 28144.285714   8757.500000   36901.785714   DCT_AC_8-Quantize_AC_8-Zigzag_Coding_8            9     0(50)1(53)(24)777776666666000000000000
   182 36882.142857    204.285714   37086.428571   DCT_DC-Quantize_DC-DPCM_Coding                   47     0(50)0(54)(24)777777666666000000000000
   183 37086.428571    204.285714   37290.714286   DCT_DC-Quantize_DC-DPCM_Coding                   48     0(49)1(54)(24)777777666666000000000000
   184 37290.714286    204.285714   37495.000000   DCT_DC-Quantize_DC-DPCM_Coding                   49     0(49)0(55)(24)777777766666000000000000
   185 37495.000000    204.285714   37699.285714   DCT_DC-Quantize_DC-DPCM_Coding                   50     0(49)0(54)(25)777777766666000000000000
   186 37699.285714    204.285714   37903.571429   DCT_DC-Quantize_DC-DPCM_Coding                   51     0(48)1(54)(25)777777766666000000000000
   187 27949.285714  10008.571429   37957.857143   DCT_AC_5-Quantize_AC_5-Zigzag_Coding_5            6     0(48)0(55)(25)777777776666000000000000
   188 37903.571429    204.285714   38107.857143   DCT_DC-Quantize_DC-DPCM_Coding                   52     0(47)1(55)(25)777777776666000000000000
   189 38107.857143    204.285714   38312.142857   DCT_DC-Quantize_DC-DPCM_Coding                   53     0(47)0(56)(25)777777777666000000000000
   190 38312.142857    204.285714   38516.428571   DCT_DC-Quantize_DC-DPCM_Coding                   54     0(46)1(56)(25)777777777666000000000000
   191 38516.428571    204.285714   38720.714286   DCT_DC-Quantize_DC-DPCM_Coding                   55     0(46)0(57)(25)777777777766000000000000
   192 38720.714286    204.285714   38925.000000   DCT_DC-Quantize_DC-DPCM_Coding                   56     0(46)0(56)(26)777777777766000000000000
   193 38925.000000    204.285714   39129.285714   DCT_DC-Quantize_DC-DPCM_Coding                   57     0(45)1(56)(26)777777777766000000000000
   194 39129.285714    204.285714   39333.571429   DCT_DC-Quantize_DC-DPCM_Coding                   58     0(45)0(57)(26)777777777776000000000000
   195 39333.571429    204.285714   39537.857143   DCT_DC-Quantize_DC-DPCM_Coding                   59     0(44)1(57)(26)777777777776000000000000
   196 39537.857143    204.285714   39742.142857   DCT_DC-Quantize_DC-DPCM_Coding                   60     0(44)0(58)(26)777777777777000000000000
   197 39742.142857    204.285714   39946.428571   DCT_DC-Quantize_DC-DPCM_Coding                   61     0(43)1(58)(26)777777777777000000000000
   198 39946.428571    204.285714   40150.714286   DCT_DC-Quantize_DC-DPCM_Coding                   62     0(43)0(59)(26)877777777777000000000000
   199 40150.714286    204.285714   40355.000000   DCT_DC-Quantize_DC-DPCM_Coding                   63     0(43)0(58)(27)877777777777000000000000
   200 40355.000000    204.285714   40559.285714   DCT_DC-Quantize_DC-DPCM_Coding                   64     0(42)1(58)(27)877777777777000000000000
   201 40559.285714    204.285714   40763.571429   DCT_DC-Quantize_DC-DPCM_Coding                   65     0(42)0(59)(27)887777777777000000000000
   202 40763.571429    204.285714   40967.857143   DCT_DC-Quantize_DC-DPCM_Coding                   66     0(41)1(59)(27)887777777777000000000000
   203 40967.857143    204.285714   41172.142857   DCT_DC-Quantize_DC-DPCM_Coding                   67     0(41)0(60)(27)888777777777000000000000
   204 41172.142857    204.285714   41376.428571   DCT_DC-Quantize_DC-DPCM_Coding                   68     0(40)1(60)(27)888777777777000000000000
   205 41376.428571    204.285714   41580.714286   DCT_DC-Quantize_DC-DPCM_Coding                   69     0(40)0(61)(27)888877777777000000000000
   206 34760.285714   7006.000000   41766.285714   DCT_AC_2-Quantize_AC_2-Zigzag_Coding_2           15     0(40)0(60)(28)888877777777000000000000
   207 41580.714286    204.285714   41785.000000   DCT_DC-Quantize_DC-DPCM_Coding                   70     0(39)1(60)(28)888877777777000000000000
   208 34890.285714   7006.000000   41896.285714   DCT_AC_4-Quantize_AC_4-Zigzag_Coding_4           17     0(39)0(61)(28)888887777777000000000000
   209 41785.000000    204.285714   41989.285714   DCT_DC-Quantize_DC-DPCM_Coding                   71     0(38)1(61)(28)888887777777000000000000
   210 35020.285714   7006.000000   42026.285714   DCT_AC_6-Quantize_AC_6-Zigzag_Coding_6           19     0(38)0(62)(28)888888777777000000000000
   211 41989.285714    204.285714   42193.571429   DCT_DC-Quantize_DC-DPCM_Coding                   72     0(37)1(62)(28)888888777777000000000000
   212 28339.285714  14012.000000   42351.285714   DCT_AC_11-Quantize_AC_11-Zigzag_Coding_11        12     0(37)0(63)(28)888888877777000000000000
   213 42193.571429    204.285714   42397.857143   DCT_DC-Quantize_DC-DPCM_Coding                   73     0(36)1(63)(28)888888877777000000000000
   214 42397.857143    204.285714   42602.142857   DCT_DC-Quantize_DC-DPCM_Coding                   74     0(36)0(64)(28)888888887777000000000000
   215 42602.142857    204.285714   42806.428571   DCT_DC-Quantize_DC-DPCM_Coding                   75     0(36)0(63)(29)888888887777000000000000
   216 42806.428571    204.285714   43010.714286   DCT_DC-Quantize_DC-DPCM_Coding                   76     0(35)1(63)(29)888888887777000000000000
   217 43010.714286    204.285714   43215.000000   DCT_DC-Quantize_DC-DPCM_Coding                   77     0(35)0(64)(29)888888888777000000000000
   218 43215.000000    204.285714   43419.285714   DCT_DC-Quantize_DC-DPCM_Coding                   78     0(34)1(64)(29)888888888777000000000000
   219 43419.285714    204.285714   43623.571429   DCT_DC-Quantize_DC-DPCM_Coding                   79     0(34)0(65)(29)888888888877000000000000
   220 43623.571429    204.285714   43827.857143   DCT_DC-Quantize_DC-DPCM_Coding                   80     0(33)1(65)(29)888888888877000000000000
   221 36058.730159   7784.444444   43843.174603   DCT_AC_10-Quantize_AC_10-Zigzag_Coding_10        23     0(33)0(66)(29)888888888887000000000000
   222 43827.857143    204.285714   44032.142857   DCT_DC-Quantize_DC-DPCM_Coding                   81     0(33)0(65)(30)888888888887000000000000
   223 44032.142857    204.285714   44236.428571   DCT_DC-Quantize_DC-DPCM_Coding                   82     0(32)1(65)(30)888888888887000000000000
   224 44236.428571    204.285714   44440.714286   DCT_DC-Quantize_DC-DPCM_Coding                   83     0(32)0(66)(30)888888888888000000000000
   225 44440.714286    204.285714   44645.000000   DCT_DC-Quantize_DC-DPCM_Coding                   84     0(31)1(66)(30)888888888888000000000000
   226 44645.000000    204.285714   44849.285714   DCT_DC-Quantize_DC-DPCM_Coding                   85     0(31)0(67)(30)988888888888000000000000
   227 44849.285714    204.285714   45053.571429   DCT_DC-Quantize_DC-DPCM_Coding                   86     0(30)1(67)(30)988888888888000000000000
   228 36446.785714   8757.500000   45204.285714   DCT_AC_1-Quantize_AC_1-Zigzag_Coding_1           14     0(30)0(68)(30)998888888888000000000000
   229 45053.571429    204.285714   45257.857143   DCT_DC-Quantize_DC-DPCM_Coding                   87     0(30)0(67)(31)998888888888000000000000
   230 45257.857143    204.285714   45462.142857   DCT_DC-Quantize_DC-DPCM_Coding                   88     0(29)1(67)(31)998888888888000000000000
   231 36836.785714   8757.500000   45594.285714   DCT_AC_7-Quantize_AC_7-Zigzag_Coding_7           20     0(29)0(68)(31)999888888888000000000000
   232 36901.785714   8757.500000   45659.285714   DCT_AC_8-Quantize_AC_8-Zigzag_Coding_8           21     0(28)1(68)(31)999888888888000000000000
   233 45462.142857    204.285714   45666.428571   DCT_DC-Quantize_DC-DPCM_Coding                   89     0(28)0(69)(31)999988888888000000000000
   234 45666.428571    204.285714   45870.714286   DCT_DC-Quantize_DC-DPCM_Coding                   90     0(27)1(69)(31)999988888888000000000000
   235 45870.714286    204.285714   46075.000000   DCT_DC-Quantize_DC-DPCM_Coding                   91     0(27)0(70)(31)999998888888000000000000
   236 46075.000000    204.285714   46279.285714   DCT_DC-Quantize_DC-DPCM_Coding                   92     0(27)0(69)(32)999998888888000000000000
   237 46279.285714    204.285714   46483.571429   DCT_DC-Quantize_DC-DPCM_Coding                   93     0(26)1(69)(32)999998888888000000000000
   238 46483.571429    204.285714   46687.857143   DCT_DC-Quantize_DC-DPCM_Coding                   94     0(26)0(70)(32)999999888888000000000000
   239 46687.857143    204.285714   46892.142857   DCT_DC-Quantize_DC-DPCM_Coding                   95     0(25)1(70)(32)999999888888000000000000
   240 46892.142857    204.285714   47096.428571   DCT_DC-Quantize_DC-DPCM_Coding                   96     0(25)0(71)(32)999999988888000000000000
   241 47096.428571    204.285714   47300.714286   DCT_DC-Quantize_DC-DPCM_Coding                   97     0(24)1(71)(32)999999988888000000000000
   242 47300.714286    204.285714   47505.000000   DCT_DC-Quantize_DC-DPCM_Coding                   98     0(24)0(72)(32)999999998888000000000000
   243 47505.000000    204.285714   47709.285714   DCT_DC-Quantize_DC-DPCM_Coding                   99     0(24)0(71)(33)999999998888000000000000
   244 47709.285714    204.285714   47913.571429   DCT_DC-Quantize_DC-DPCM_Coding                  100     0(23)1(71)(33)999999998888000000000000
   245 37957.857143  10008.571429   47966.428571   DCT_AC_5-Quantize_AC_5-Zigzag_Coding_5           18     0(23)0(72)(33)999999999888000000000000
   246 47913.571429    204.285714   48117.857143   DCT_DC-Quantize_DC-DPCM_Coding                  101     0(22)1(72)(33)999999999888000000000000
   247 48117.857143    204.285714   48322.142857   DCT_DC-Quantize_DC-DPCM_Coding                  102     0(22)0(73)(33)999999999988000000000000
   248 48322.142857    204.285714   48526.428571   DCT_DC-Quantize_DC-DPCM_Coding                  103     0(21)1(73)(33)999999999988000000000000
   249 48526.428571    204.285714   48730.714286   DCT_DC-Quantize_DC-DPCM_Coding                  104     0(21)0(74)(33)999999999998000000000000
   250 41766.285714   7006.000000   48772.285714   DCT_AC_2-Quantize_AC_2-Zigzag_Coding_2           27     0(21)0(73)(34)999999999998000000000000
   251 41896.285714   7006.000000   48902.285714   DCT_AC_4-Quantize_AC_4-Zigzag_Coding_4           29     0(20)1(73)(34)999999999998000000000000
   252 48730.714286    204.285714   48935.000000   DCT_DC-Quantize_DC-DPCM_Coding                  105     0(20)0(74)(34)999999999999000000000000
   253 42026.285714   7006.000000   49032.285714   DCT_AC_6-Quantize_AC_6-Zigzag_Coding_6           31     0(19)1(74)(34)999999999999000000000000
   254 48935.000000    204.285714   49139.285714   DCT_DC-Quantize_DC-DPCM_Coding                  106     0(19)0(75)(34)(10)99999999999000000000000
   255 49139.285714    204.285714   49343.571429   DCT_DC-Quantize_DC-DPCM_Coding                  107     0(19)0(75)(34)(10)89999999999010000000000
   256 49343.571429    204.285714   49547.857143   DCT_DC-Quantize_DC-DPCM_Coding                  108     0(18)1(75)(34)(10)89999999999010000000000
   257 49547.857143    204.285714   49752.142857   DCT_DC-Quantize_DC-DPCM_Coding                  109     0(18)0(76)(34)(10)99999999999010000000000
   258 49752.142857    204.285714   49956.428571   DCT_DC-Quantize_DC-DPCM_Coding                  110     0(18)0(75)(35)(10)99999999999010000000000
   259 49956.428571    204.285714   50160.714286   DCT_DC-Quantize_DC-DPCM_Coding                  111     0(17)1(75)(35)(10)99999999999010000000000
   260 50160.714286    204.285714   50365.000000   DCT_DC-Quantize_DC-DPCM_Coding                  112     0(17)0(76)(35)(10)9(10)999999999010000000000
   261 50365.000000    204.285714   50569.285714   DCT_DC-Quantize_DC-DPCM_Coding                  113     0(17)0(76)(35)(10)9(10)899999999010100000000
   262 50569.285714    204.285714   50773.571429   DCT_DC-Quantize_DC-DPCM_Coding                  114     0(16)1(76)(35)(10)9(10)899999999010100000000
   263 50773.571429    204.285714   50977.857143   DCT_DC-Quantize_DC-DPCM_Coding                  115     0(16)0(77)(35)(10)9(10)999999999010100000000
   264 50977.857143    204.285714   51182.142857   DCT_DC-Quantize_DC-DPCM_Coding                  116     0(15)1(77)(35)(10)9(10)999999999010100000000
   265 51182.142857    204.285714   51386.428571   DCT_DC-Quantize_DC-DPCM_Coding                  117     0(15)0(78)(35)(10)9(10)9(10)9999999010100000000
   266 51386.428571    204.285714   51590.714286   DCT_DC-Quantize_DC-DPCM_Coding                  118     0(15)0(78)(35)(10)9(10)9(10)8999999010101000000
   267 43843.174603   7784.444444   51627.619048   DCT_AC_10-Quantize_AC_10-Zigzag_Coding_10        35     0(14)1(78)(35)(10)9(10)9(10)8999999010101000000
   268 51590.714286    204.285714   51795.000000   DCT_DC-Quantize_DC-DPCM_Coding                  119     0(14)0(79)(35)(10)9(10)9(10)9999999010101000000
   269 51795.000000    204.285714   51999.285714   DCT_DC-Quantize_DC-DPCM_Coding                  120     0(14)0(78)(36)(10)9(10)9(10)9999999010101000000
   270 51999.285714    204.285714   52203.571429   DCT_DC-Quantize_DC-DPCM_Coding                  121     0(13)1(78)(36)(10)9(10)9(10)9999999010101000000
   271 52203.571429    204.285714   52407.857143   DCT_DC-Quantize_DC-DPCM_Coding                  122     0(13)0(79)(36)(10)9(10)9(10)9(10)99999010101000000
   272 52407.857143    204.285714   52612.142857   DCT_DC-Quantize_DC-DPCM_Coding                  123     0(12)1(79)(36)(10)9(10)9(10)9(10)99999010101000000
   273 52612.142857    204.285714   52816.428571   DCT_DC-Quantize_DC-DPCM_Coding                  124     0(12)0(80)(36)(10)9(10)9(10)9(10)(10)9999010101000000
   274 52816.428571    204.285714   53020.714286   DCT_DC-Quantize_DC-DPCM_Coding                  125     0(11)1(80)(36)(10)9(10)9(10)9(10)(10)9999010101000000
   275 53020.714286    204.285714   53225.000000   DCT_DC-Quantize_DC-DPCM_Coding                  126     0(11)0(81)(36)(10)9(10)9(10)9(10)(10)(10)999010101000000
   276 53225.000000    204.285714   53429.285714   DCT_DC-Quantize_DC-DPCM_Coding                  127     0(11)0(80)(37)(10)9(10)9(10)9(10)(10)(10)999010101000000
   277 53429.285714    204.285714   53633.571429   DCT_DC-Quantize_DC-DPCM_Coding                  128     0(10)1(80)(37)(10)9(10)9(10)9(10)(10)(10)999010101000000
   278 53633.571429    204.285714   53837.857143   DCT_DC-Quantize_DC-DPCM_Coding                  129     0(10)0(81)(37)(10)9(10)9(10)9(10)(10)(10)(10)99010101000000
   279 45204.285714   8757.500000   53961.785714   DCT_AC_1-Quantize_AC_1-Zigzag_Coding_1           26     091(81)(37)(10)9(10)9(10)9(10)(10)(10)(10)99010101000000
   280 45594.285714   8757.500000   54351.785714   DCT_AC_7-Quantize_AC_7-Zigzag_Coding_7           32     090(82)(37)(10)9(10)9(10)9(10)(10)(10)(10)(10)9010101000000
   281 45659.285714   8757.500000   54416.785714   DCT_AC_8-Quantize_AC_8-Zigzag_Coding_8           33     081(82)(37)(10)9(10)9(10)9(10)(10)(10)(10)(10)9010101000000
   282 48772.285714   7006.000000   55778.285714   DCT_AC_2-Quantize_AC_2-Zigzag_Coding_2           39     080(83)(37)(10)9(10)9(10)9(10)(10)(10)(10)(10)(10)010101000000
   283 48902.285714   7006.000000   55908.285714   DCT_AC_4-Quantize_AC_4-Zigzag_Coding_4           41     080(82)(38)(10)9(10)9(10)9(10)(10)(10)(10)(10)(10)010101000000
   284 49032.285714   7006.000000   56038.285714   DCT_AC_6-Quantize_AC_6-Zigzag_Coding_6           43     071(82)(38)(10)9(10)9(10)9(10)(10)(10)(10)(10)(10)010101000000
   285 42351.285714  14012.000000   56363.285714   DCT_AC_11-Quantize_AC_11-Zigzag_Coding_11        24     070(83)(38)(11)9(10)9(10)9(10)(10)(10)(10)(10)(10)010101000000
   286 47966.428571  10008.571429   57975.000000   DCT_AC_5-Quantize_AC_5-Zigzag_Coding_5           30     061(83)(38)(11)9(10)9(10)9(10)(10)(10)(10)(10)(10)010101000000
   287 51627.619048   7784.444444   59412.063492   DCT_AC_10-Quantize_AC_10-Zigzag_Coding_10        47     060(84)(38)(11)(10)(10)9(10)9(10)(10)(10)(10)(10)(10)010101000000
   288 53961.785714   8757.500000   62719.285714   DCT_AC_1-Quantize_AC_1-Zigzag_Coding_1           38     051(84)(38)(11)(10)(10)9(10)9(10)(10)(10)(10)(10)(10)010101000000
   289 55778.285714   7006.000000   62784.285714   DCT_AC_2-Quantize_AC_2-Zigzag_Coding_2           51     050(85)(38)(11)(10)(11)9(10)9(10)(10)(10)(10)(10)(10)010101000000
   290 55908.285714   7006.000000   62914.285714   DCT_AC_4-Quantize_AC_4-Zigzag_Coding_4           53     050(84)(39)(11)(10)(11)9(10)9(10)(10)(10)(10)(10)(10)010101000000
   291 56038.285714   7006.000000   63044.285714   DCT_AC_6-Quantize_AC_6-Zigzag_Coding_6           55     041(84)(39)(11)(10)(11)9(10)9(10)(10)(10)(10)(10)(10)010101000000
   292 54351.785714   8757.500000   63109.285714   DCT_AC_7-Quantize_AC_7-Zigzag_Coding_7           44     040(85)(39)(11)(10)(11)(10)(10)9(10)(10)(10)(10)(10)(10)010101000000
   293 54416.785714   8757.500000   63174.285714   DCT_AC_8-Quantize_AC_8-Zigzag_Coding_8           45     031(85)(39)(11)(10)(11)(10)(10)9(10)(10)(10)(10)(10)(10)010101000000
   294 28404.285714  35030.000000   63434.285714   DCT_AC_12-Quantize_AC_12-Zigzag_Coding_12        13     030(86)(39)(11)(10)(11)(10)(11)9(10)(10)(10)(10)(10)(10)010101000000
   295 59412.063492   7784.444444   67196.507937   DCT_AC_10-Quantize_AC_10-Zigzag_Coding_10        59     021(86)(39)(11)(10)(11)(10)(11)9(10)(10)(10)(10)(10)(10)010101000000
   296 57975.000000  10008.571429   67983.571429   DCT_AC_5-Quantize_AC_5-Zigzag_Coding_5           42     020(87)(39)(11)(10)(11)(10)(11)(10)(10)(10)(10)(10)(10)(10)010101000000
   297 62784.285714   7006.000000   69790.285714   DCT_AC_2-Quantize_AC_2-Zigzag_Coding_2           63     020(86)(40)(11)(10)(11)(10)(11)(10)(10)(10)(10)(10)(10)(10)010101000000
   298 62914.285714   7006.000000   69920.285714   DCT_AC_4-Quantize_AC_4-Zigzag_Coding_4           65     011(86)(40)(11)(10)(11)(10)(11)(10)(10)(10)(10)(10)(10)(10)010101000000
   299 63044.285714   7006.000000   70050.285714   DCT_AC_6-Quantize_AC_6-Zigzag_Coding_6           67     010(87)(40)(11)(10)(11)(10)(11)(10)(11)(10)(10)(10)(10)(10)010101000000
   300 56363.285714  14012.000000   70375.285714   DCT_AC_11-Quantize_AC_11-Zigzag_Coding_11        36     001(87)(40)(11)(10)(11)(10)(11)(10)(11)(10)(10)(10)(10)(10)010101000000
   301 62719.285714   8757.500000   71476.785714   DCT_AC_1-Quantize_AC_1-Zigzag_Coding_1           50     000(88)(40)(11)(10)(11)(10)(11)(10)(11)(11)(10)(10)(10)(10)010101000000
   302 63109.285714   8757.500000   71866.785714   DCT_AC_7-Quantize_AC_7-Zigzag_Coding_7           56     000(88)(40)(11)(10)(11)(10)(11)(10)(11)(11)(10)9(10)(10)010101000100
   303 63174.285714   8757.500000   71931.785714   DCT_AC_8-Quantize_AC_8-Zigzag_Coding_8           57     000(87)(41)(11)(10)(11)(10)(11)(10)(11)(11)(10)9(10)(10)010101000100
   304 67196.507937   7784.444444   74980.952381   DCT_AC_10-Quantize_AC_10-Zigzag_Coding_10        71     000(86)(42)(11)(10)(11)(10)(11)(10)(11)(11)(10)9(10)(10)010101000100
   305 69790.285714   7006.000000   76796.285714   DCT_AC_2-Quantize_AC_2-Zigzag_Coding_2           75     000(86)(42)(10)(10)(11)(10)(11)(10)(11)(11)(10)9(10)(10)110101000100
   306 69920.285714   7006.000000   76926.285714   DCT_AC_4-Quantize_AC_4-Zigzag_Coding_4           77     000(85)(43)(10)(10)(11)(10)(11)(10)(11)(11)(10)9(10)(10)110101000100
   307 70050.285714   7006.000000   77056.285714   DCT_AC_6-Quantize_AC_6-Zigzag_Coding_6           79     000(84)(44)(10)(10)(11)(10)(11)(10)(11)(11)(10)9(10)(10)110101000100
   308 67983.571429  10008.571429   77992.142857   DCT_AC_5-Quantize_AC_5-Zigzag_Coding_5           54     000(84)(44)(10)(10)(11)(10)(11)(10)(10)(11)(10)9(10)(10)110101100100
   309 71476.785714   8757.500000   80234.285714   DCT_AC_1-Quantize_AC_1-Zigzag_Coding_1           62     000(83)(45)(10)(10)(11)(10)(11)(10)(10)(11)(10)9(10)(10)110101100100
   310 71866.785714   8757.500000   80624.285714   DCT_AC_7-Quantize_AC_7-Zigzag_Coding_7           68     000(83)(45)(10)(10)(11)(10)(11)(10)(10)(10)(10)9(10)(10)110101110100
   311 71931.785714   8757.500000   80689.285714   DCT_AC_8-Quantize_AC_8-Zigzag_Coding_8           69     000(82)(46)(10)(10)(11)(10)(11)(10)(10)(10)(10)9(10)(10)110101110100
   312 74980.952381   7784.444444   82765.396825   DCT_AC_10-Quantize_AC_10-Zigzag_Coding_10        83     000(81)(47)(10)(10)(11)(10)(11)(10)(10)(10)(10)9(10)(10)110101110100
   313 76796.285714   7006.000000   83802.285714   DCT_AC_2-Quantize_AC_2-Zigzag_Coding_2           87     000(80)(48)(10)(10)(11)(10)(11)(10)(10)(10)(10)9(10)(10)110101110100
   314 76926.285714   7006.000000   83932.285714   DCT_AC_4-Quantize_AC_4-Zigzag_Coding_4           89     000(79)(49)(10)(10)(11)(10)(11)(10)(10)(10)(10)9(10)(10)110101110100
   315 77056.285714   7006.000000   84062.285714   DCT_AC_6-Quantize_AC_6-Zigzag_Coding_6           91     000(78)(50)(10)(10)(11)(10)(11)(10)(10)(10)(10)9(10)(10)110101110100
   316 70375.285714  14012.000000   84387.285714   DCT_AC_11-Quantize_AC_11-Zigzag_Coding_11        48     000(78)(50)(10)(10)(11)(10)(10)(10)(10)(10)(10)9(10)(10)110111110100
   317 77992.142857  10008.571429   88000.714286   DCT_AC_5-Quantize_AC_5-Zigzag_Coding_5           66     000(77)(51)(10)(10)(11)(10)(10)(10)(10)(10)(10)9(10)(10)110111110100
   318 80234.285714   8757.500000   88991.785714   DCT_AC_1-Quantize_AC_1-Zigzag_Coding_1           74     000(76)(52)(10)(10)(11)(10)(10)(10)(10)(10)(10)9(10)(10)110111110100
   319 80624.285714   8757.500000   89381.785714   DCT_AC_7-Quantize_AC_7-Zigzag_Coding_7           80     000(75)(53)(10)(10)(11)(10)(10)(10)(10)(10)(10)9(10)(10)110111110100
   320 80689.285714   8757.500000   89446.785714   DCT_AC_8-Quantize_AC_8-Zigzag_Coding_8           81     000(74)(54)(10)(10)(11)(10)(10)(10)(10)(10)(10)9(10)(10)110111110100
   321 82765.396825   7784.444444   90549.841270   DCT_AC_10-Quantize_AC_10-Zigzag_Coding_10        95     000(73)(55)(10)(10)(11)(10)(10)(10)(10)(10)(10)9(10)(10)110111110100
   322 83802.285714   7006.000000   90808.285714   DCT_AC_2-Quantize_AC_2-Zigzag_Coding_2           99     000(72)(56)(10)(10)(11)(10)(10)(10)(10)(10)(10)9(10)(10)110111110100
   323 83932.285714   7006.000000   90938.285714   DCT_AC_4-Quantize_AC_4-Zigzag_Coding_4          101     000(71)(57)(10)(10)(11)(10)(10)(10)(10)(10)(10)9(10)(10)110111110100
   324 84062.285714   7006.000000   91068.285714   DCT_AC_6-Quantize_AC_6-Zigzag_Coding_6          103     000(70)(58)(10)(10)(11)(10)(10)(10)(10)(10)(10)9(10)(10)110111110100
   325 88991.785714   8757.500000   97749.285714   DCT_AC_1-Quantize_AC_1-Zigzag_Coding_1           86     000(69)(59)(10)(10)(11)(10)(10)(10)(10)(10)(10)9(10)(10)110111110100
   326 90808.285714   7006.000000   97814.285714   DCT_AC_2-Quantize_AC_2-Zigzag_Coding_2          111     000(68)(60)(10)(10)(11)(10)(10)(10)(10)(10)(10)9(10)(10)110111110100
   327 27819.285714  70060.000000   97879.285714   DCT_AC_3-Quantize_AC_3-Zigzag_Coding_3            4     000(67)(61)(10)(10)(11)(10)(10)(10)(10)(10)(10)9(10)(10)110111110100
   328 90938.285714   7006.000000   97944.285714   DCT_AC_4-Quantize_AC_4-Zigzag_Coding_4          113     000(66)(62)(10)(10)(11)(10)(10)(10)(10)(10)(10)9(10)(10)110111110100
   329 88000.714286  10008.571429   98009.285714   DCT_AC_5-Quantize_AC_5-Zigzag_Coding_5           78     000(65)(63)(10)(10)(11)(10)(10)(10)(10)(10)(10)9(10)(10)110111110100
   330 91068.285714   7006.000000   98074.285714   DCT_AC_6-Quantize_AC_6-Zigzag_Coding_6          115     000(64)(64)(10)(10)(11)(10)(10)(10)(10)(10)(10)9(10)(10)110111110100
   331 89381.785714   8757.500000   98139.285714   DCT_AC_7-Quantize_AC_7-Zigzag_Coding_7           92     000(63)(65)(10)(10)(11)(10)(10)(10)(10)(10)(10)9(10)(10)110111110100
   332 89446.785714   8757.500000   98204.285714   DCT_AC_8-Quantize_AC_8-Zigzag_Coding_8           93     000(62)(66)(10)(10)(11)(10)(10)(10)(10)(10)(10)9(10)(10)110111110100
   333 28209.285714  70060.000000   98269.285714   DCT_AC_9-Quantize_AC_9-Zigzag_Coding_9           10     000(61)(67)(10)(10)(11)(10)(10)(10)(10)(10)(10)9(10)(10)110111110100
   334 90549.841270   7784.444444   98334.285714   DCT_AC_10-Quantize_AC_10-Zigzag_Coding_10       107     000(60)(68)(10)(10)(11)(10)(10)(10)(10)(10)(10)9(10)(10)110111110100
   335 84387.285714  14012.000000   98399.285714   DCT_AC_11-Quantize_AC_11-Zigzag_Coding_11        60     000(60)(68)(10)9(11)(10)(10)(10)(10)(10)(10)9(10)(10)120111110100
   336 63434.285714  35030.000000   98464.285714   DCT_AC_12-Quantize_AC_12-Zigzag_Coding_12        25     000(59)(69)(10)9(11)(10)(10)(10)(10)(10)(10)9(10)(10)120111110100
   337 97814.285714   7006.000000   104820.285714   DCT_AC_2-Quantize_AC_2-Zigzag_Coding_2          123     000(59)(69)(10)9(11)9(10)(10)(10)(10)(10)9(10)(10)120211110100
   338 97944.285714   7006.000000   104950.285714   DCT_AC_4-Quantize_AC_4-Zigzag_Coding_4          125     000(58)(70)(10)9(11)9(10)(10)(10)(10)(10)9(10)(10)120211110100
   339 98074.285714   7006.000000   105080.285714   DCT_AC_6-Quantize_AC_6-Zigzag_Coding_6          127     000(58)(70)(10)9(11)9(10)9(10)(10)(10)9(10)(10)120212110100
   340 98334.285714   7784.444444   106118.730159   DCT_AC_10-Quantize_AC_10-Zigzag_Coding_10       119     000(57)(71)(10)9(11)9(10)9(10)(10)(10)9(10)(10)120212110100
   341 97749.285714   8757.500000   106506.785714   DCT_AC_1-Quantize_AC_1-Zigzag_Coding_1           98     000(57)(71)(10)9(11)9(10)9(10)(10)(10)99(10)120212110110
   342 98139.285714   8757.500000   106896.785714   DCT_AC_7-Quantize_AC_7-Zigzag_Coding_7          104     000(56)(72)(10)9(11)9(10)9(10)(10)(10)99(10)120212110110
   343 98204.285714   8757.500000   106961.785714   DCT_AC_8-Quantize_AC_8-Zigzag_Coding_8          105     000(55)(73)(10)9(11)9(10)9(10)(10)(10)99(10)120212110110
   344 98009.285714  10008.571429   108017.857143   DCT_AC_5-Quantize_AC_5-Zigzag_Coding_5           90     000(54)(74)(10)9(11)9(10)9(10)(10)(10)99(10)120212110110
   345 98399.285714  14012.000000   112411.285714   DCT_AC_11-Quantize_AC_11-Zigzag_Coding_11        72     000(53)(75)(10)9(11)9(10)9(10)(10)(10)99(10)120212110110
   346 106506.785714   8757.500000   115264.285714   DCT_AC_1-Quantize_AC_1-Zigzag_Coding_1          110     000(52)(76)(10)9(11)9(10)9(10)(10)(10)99(10)120212110110
   347 106896.785714   8757.500000   115654.285714   DCT_AC_7-Quantize_AC_7-Zigzag_Coding_7          116     000(51)(77)(10)9(11)9(10)9(10)(10)(10)99(10)120212110110
   348 106961.785714   8757.500000   115719.285714   DCT_AC_8-Quantize_AC_8-Zigzag_Coding_8          117     000(50)(78)(10)9(11)9(10)9(10)(10)(10)99(10)120212110110
   349 108017.857143  10008.571429   118026.428571   DCT_AC_5-Quantize_AC_5-Zigzag_Coding_5          102     000(49)(79)(10)9(11)9(10)9(10)(10)(10)99(10)120212110110
   350 115264.285714   8757.500000   124021.785714   DCT_AC_1-Quantize_AC_1-Zigzag_Coding_1          122     000(49)(79)(10)9(11)9(10)9(10)(10)(10)89(10)120212110210
   351 115654.285714   8757.500000   124411.785714   DCT_AC_7-Quantize_AC_7-Zigzag_Coding_7          128     000(48)(80)(10)9(11)9(10)9(10)(10)(10)89(10)120212110210
   352 115719.285714   8757.500000   124476.785714   DCT_AC_8-Quantize_AC_8-Zigzag_Coding_8          129     000(47)(81)(10)9(11)9(10)9(10)(10)(10)89(10)120212110210
   353 112411.285714  14012.000000   126423.285714   DCT_AC_11-Quantize_AC_11-Zigzag_Coding_11        84     000(46)(82)(10)9(11)9(10)9(10)(10)(10)89(10)120212110210
   354 118026.428571  10008.571429   128035.000000   DCT_AC_5-Quantize_AC_5-Zigzag_Coding_5          114     000(45)(83)(10)9(11)9(10)9(10)(10)(10)89(10)120212110210
   355 98464.285714  35030.000000   133494.285714   DCT_AC_12-Quantize_AC_12-Zigzag_Coding_12        37     000(44)(84)(10)9(11)9(10)9(10)(10)(10)89(10)120212110210
   356 128035.000000  10008.571429   138043.571429   DCT_AC_5-Quantize_AC_5-Zigzag_Coding_5          126     000(43)(85)(10)9(11)9(10)9(10)(10)(10)89(10)120212110210
   357 126423.285714  14012.000000   140435.285714   DCT_AC_11-Quantize_AC_11-Zigzag_Coding_11        96     000(43)(85)99(11)9(10)9(10)(10)(10)89(10)220212110210
   358 140435.285714  14012.000000   154447.285714   DCT_AC_11-Quantize_AC_11-Zigzag_Coding_11       108     000(42)(86)99(11)9(10)9(10)(10)(10)89(10)220212110210
   359 97879.285714  70060.000000   167939.285714   DCT_AC_3-Quantize_AC_3-Zigzag_Coding_3           16     000(41)(87)99(11)9(10)9(10)(10)(10)89(10)220212110210
   360 98269.285714  70060.000000   168329.285714   DCT_AC_9-Quantize_AC_9-Zigzag_Coding_9           22     000(41)(87)99(11)9(10)99(10)(10)89(10)220212210210
   361 154447.285714  14012.000000   168459.285714   DCT_AC_11-Quantize_AC_11-Zigzag_Coding_11       120     000(41)(87)99(11)9(10)999(10)89(10)220212220210
   362 133494.285714  35030.000000   168524.285714   DCT_AC_12-Quantize_AC_12-Zigzag_Coding_12        49     000(40)(88)99(11)9(10)999(10)89(10)220212220210
   363 168524.285714  35030.000000   203554.285714   DCT_AC_12-Quantize_AC_12-Zigzag_Coding_12        61     000(39)(89)99(11)9(10)999(10)89(10)220212220210
   364 167939.285714  70060.000000   237999.285714   DCT_AC_3-Quantize_AC_3-Zigzag_Coding_3           28     000(38)(90)99(11)9(10)999(10)89(10)220212220210
   365 168329.285714  70060.000000   238389.285714   DCT_AC_9-Quantize_AC_9-Zigzag_Coding_9           34     000(37)(91)99(11)9(10)999(10)89(10)220212220210
   366 203554.285714  35030.000000   238584.285714   DCT_AC_12-Quantize_AC_12-Zigzag_Coding_12        73     000(36)(92)99(11)9(10)999(10)89(10)220212220210
   367 238584.285714  35030.000000   273614.285714   DCT_AC_12-Quantize_AC_12-Zigzag_Coding_12        85     000(35)(93)99(11)9(10)999(10)89(10)220212220210
   368 237999.285714  70060.000000   308059.285714   DCT_AC_3-Quantize_AC_3-Zigzag_Coding_3           40     000(34)(94)99(11)9(10)999(10)89(10)220212220210
   369 238389.285714  70060.000000   308449.285714   DCT_AC_9-Quantize_AC_9-Zigzag_Coding_9           46     000(33)(95)99(11)9(10)999(10)89(10)220212220210
   370 273614.285714  35030.000000   308644.285714   DCT_AC_12-Quantize_AC_12-Zigzag_Coding_12        97     000(32)(96)99(11)9(10)999(10)89(10)220212220210
   371 308644.285714  35030.000000   343674.285714   DCT_AC_12-Quantize_AC_12-Zigzag_Coding_12       109     000(31)(97)99(11)9(10)999(10)89(10)220212220210
   372 308059.285714  70060.000000   378119.285714   DCT_AC_3-Quantize_AC_3-Zigzag_Coding_3           52     000(30)(98)99(11)9(10)999(10)89(10)220212220210
   373 308449.285714  70060.000000   378509.285714   DCT_AC_9-Quantize_AC_9-Zigzag_Coding_9           58     000(29)(99)99(11)9(10)999(10)89(10)220212220210
   374 343674.285714  35030.000000   378704.285714   DCT_AC_12-Quantize_AC_12-Zigzag_Coding_12       121     000(29)(99)99(11)99999(10)89(10)220222220210
   375 378119.285714  70060.000000   448179.285714   DCT_AC_3-Quantize_AC_3-Zigzag_Coding_3           64     000(28)(100)99(11)99999(10)89(10)220222220210
   376 378509.285714  70060.000000   448569.285714   DCT_AC_9-Quantize_AC_9-Zigzag_Coding_9           70     000(27)(101)99(11)99999(10)89(10)220222220210
   377 448179.285714  70060.000000   518239.285714   DCT_AC_3-Quantize_AC_3-Zigzag_Coding_3           76     000(26)(102)99(11)99999(10)89(10)220222220210
   378 448569.285714  70060.000000   518629.285714   DCT_AC_9-Quantize_AC_9-Zigzag_Coding_9           82     000(25)(103)99(11)99999(10)89(10)220222220210
   379 518239.285714  70060.000000   588299.285714   DCT_AC_3-Quantize_AC_3-Zigzag_Coding_3           88     000(25)(103)98(11)99999(10)89(10)230222220210
   380 518629.285714  70060.000000   588689.285714   DCT_AC_9-Quantize_AC_9-Zigzag_Coding_9           94     000(25)(103)98(11)89999(10)89(10)230322220210
   381 588299.285714  70060.000000   658359.285714   DCT_AC_3-Quantize_AC_3-Zigzag_Coding_3          100     000(24)(104)98(11)89999(10)89(10)230322220210
   382 588689.285714  70060.000000   658749.285714   DCT_AC_9-Quantize_AC_9-Zigzag_Coding_9          106     000(24)(104)98(11)89899(10)89(10)230323220210
   383 658359.285714  70060.000000   728419.285714   DCT_AC_3-Quantize_AC_3-Zigzag_Coding_3          112     000(23)(105)98(11)89899(10)89(10)230323220210
   384 658749.285714  70060.000000   728809.285714   DCT_AC_9-Quantize_AC_9-Zigzag_Coding_9          118     000(22)(106)98(11)89899(10)89(10)230323220210
   385 728419.285714  70060.000000   798479.285714   DCT_AC_3-Quantize_AC_3-Zigzag_Coding_3          124     000(21)(107)98(11)89899(10)89(10)230323220210
   386 798479.285714      0.000000   798479.285714    -                                                0     000(20)(108)98(11)89899(10)89(10)230323220210

RunTime=798479.285714 time unit    Sim_Time=  0.686611 sec
